t,n_grads,f,f_avg,trans_bits,train_accuracy,test_accuracy,comm_rounds,var_error
0.0,0.0,4.610701460134284,4.610701460134284,0.0,0.3882513661202186,0.4147665580890337,0.0,3.5210423912367683
1.0,0.0,13.77230233954681,18.32320175882505,768.0,0.3882513661202186,0.4147665580890337,2.0,3.518531760859963
2.0,0.0,11.40721215406974,27.305646857453908,1536.0,0.3882513661202186,0.4147665580890337,4.0,3.516119220740875
3.0,0.0,10.579077121359669,36.1688158707041,2304.0,0.3882513661202186,0.4147665580890337,6.0,3.5137995539328717
4.0,0.0,10.135208850539186,44.91285493360938,3072.0,0.3882513661202186,0.4147665580890337,8.0,3.511571525786739
5.0,0.0,9.845070065758042,53.537845723971046,3840.0,0.3882513661202186,0.4147665580890337,10.0,3.50943853754692
6.0,0.0,9.631810110866919,62.04387560643198,4608.0,0.3882513661202186,0.4147665580890337,12.0,3.5074070978145993
7.0,0.0,9.462503888473902,70.43117883220265,5376.0,0.3882513661202186,0.4147665580890337,14.0,3.5054671609006745
8.0,0.0,9.32069453904094,78.69993379245238,6144.0,0.3882513661202186,0.4147665580890337,16.0,3.503624904857093
9.0,0.0,9.197236136561227,86.8503166656497,6912.0,0.3882513661202186,0.4147665580890337,18.0,3.5018786420990233
10.0,0.0,9.086638425675854,94.88245184786737,7680.0,0.3882513661202186,0.4147665580890337,20.0,3.5002245654709854
11.0,0.0,8.985410192378579,102.79657238446134,8448.0,0.3882513661202186,0.4147665580890337,22.0,3.498670825320692
12.0,0.0,8.891225956288157,110.59285056645442,9216.0,0.3882513661202186,0.4147665580890337,24.0,3.497220130884886
13.0,0.0,8.802474521899608,118.27148700293537,9984.0,0.3882513661202186,0.4147665580890337,26.0,3.49585894606277
14.0,0.0,8.718003361298068,125.83260711341055,10752.0,0.3882513661202186,0.4147665580890337,28.0,3.494596466260714
15.0,0.0,8.636969456257352,133.27647657431,11520.0,0.3882513661202186,0.4147665580890337,30.0,3.493427559203224
16.0,0.0,8.558743288488442,140.60330865732013,12288.0,0.3882513661202186,0.4147665580890337,32.0,3.4923587348968046
17.0,0.0,8.482840205604179,147.81325833322197,13056.0,0.3882513661202186,0.4147665580890337,34.0,3.4913813505484304
18.0,0.0,8.408883387387561,154.90654361273025,13824.0,0.3882513661202186,0.4147665580890337,36.0,3.490504734795443
19.0,0.0,8.336581657551594,161.88355937423032,14592.0,0.3882513661202186,0.4147665580890337,38.0,3.4897282294749297
20.0,0.0,8.265701934624188,168.7445180107372,15360.0,0.3882513661202186,0.4147665580890337,40.0,3.4890444594099543
21.0,0.0,8.196056232771408,175.4898437656619,16128.0,0.3882513661202186,0.4147665580890337,42.0,3.488461286632921
22.0,0.0,8.127493039093144,182.11984995443643,16896.0,0.3882513661202186,0.4147665580890337,44.0,3.487974533398549
23.0,0.0,8.05988602540282,188.63490721409326,17664.0,0.3882513661202186,0.4147665580890337,46.0,3.487587551759026
24.0,0.0,7.9931308536777435,195.0353737624384,18432.0,0.3882513661202186,0.4147665580890337,48.0,3.487290417942102
25.0,0.0,7.9271391131405755,201.32158189459037,19200.0,0.3882513661202186,0.4147665580890337,50.0,3.4870900490347414
26.0,0.0,7.861840031435525,207.49409974005695,19968.0,0.3882513661202186,0.4147665580890337,52.0,3.486995589666415
27.0,0.0,7.797174260971222,213.553310352389,20736.0,0.3882513661202186,0.4147665580890337,54.0,3.4869943447501472
28.0,0.0,7.733089522279047,219.49970289523768,21504.0,0.3882513661202186,0.4147665580890337,56.0,3.487094205561365
29.0,0.0,7.66954349295651,225.33381969623994,22272.0,0.3882513661202186,0.4147665580890337,58.0,3.487286488343353
30.0,0.0,7.60650107149391,231.05624459339467,23040.0,0.3882513661202186,0.4147665580890337,60.0,3.487581902142991
31.0,0.0,7.543932564647853,236.6675744147722,23808.0,0.3882513661202186,0.4147665580890337,62.0,3.487972746690069
32.0,0.0,7.481813276649392,242.1684752907889,24576.0,0.3882513661202186,0.4147665580890337,64.0,3.4884614130249325
33.0,0.0,7.4201232254266,247.55965758736673,25344.0,0.3882513661202186,0.4147665580890337,66.0,3.4890465331225604
34.0,0.0,7.358845020591685,252.84180381286788,26112.0,0.3882513661202186,0.4147665580890337,68.0,3.4897302357857396
35.0,0.0,7.2979632512205495,258.01562377257056,26880.0,0.3882513661202186,0.4147665580890337,70.0,3.4905050236213535
36.0,0.0,7.237467638183816,263.08204617666416,27648.0,0.3882513661202186,0.4147665580890337,72.0,3.491381402036952
37.0,0.0,7.17735133980897,268.0419529691996,28416.0,0.3882513661202186,0.4147665580890337,74.0,3.4923579001512617
38.0,0.0,7.117607531482167,272.8962194234451,29184.0,0.3882513661202186,0.4147665580890337,76.0,3.493423186073893
39.0,0.0,7.058232503303866,277.6459158342565,29952.0,0.3882513661202186,0.4147665580890337,78.0,3.494591576430981
40.0,0.0,6.99922484855377,282.2920720500451,30720.0,0.3882513661202186,0.4147665580890337,80.0,3.4958561332719835
41.0,0.0,6.9405848819042735,286.8358882661053,31488.0,0.3882513661202186,0.4147665580890337,82.0,3.4972179223548188
42.0,0.0,6.882314800658024,291.27855498916875,32256.0,0.4054644808743169,0.43105320304017375,84.0,3.498678678811819
43.0,0.0,6.8244169676479345,295.6213042285536,33024.0,0.41174863387978144,0.43539630836047777,86.0,3.5002312282205232
44.0,0.0,6.766894880319304,299.8654452395452,33792.0,0.412568306010929,0.43539630836047777,88.0,3.50187959839195
45.0,0.0,6.709754101561812,304.0124239010178,34560.0,0.4131147540983607,0.43431053203040176,90.0,3.5036248470505442
46.0,0.0,6.653001746054107,308.06373673596005,35328.0,0.41721311475409834,0.43539630836047777,92.0,3.5054658225400184
47.0,0.0,6.596645742650287,312.0209630731669,36096.0,0.41857923497267757,0.43973941368078173,94.0,3.5074052208169633
48.0,0.0,6.54069406515304,315.88566718152487,36864.0,0.4204918032786885,0.43973941368078173,96.0,3.5094416572384897
49.0,0.0,6.485154475592084,319.65947142649935,37632.0,0.42131147540983604,0.43973941368078173,98.0,3.5115713651870153
50.0,0.0,6.430036755926007,323.3442041661014,38400.0,0.4248633879781421,0.44082519001085774,100.0,3.513794846775437
51.0,0.0,6.375352753876816,326.94177672933387,39168.0,0.42568306010928963,0.44733984799131377,102.0,3.5161182780939675
52.0,0.0,6.321114757009574,330.45415799966185,39936.0,0.4308743169398907,0.46362649294245384,104.0,3.5185376753766135
53.0,0.0,6.267334890138469,333.88334035501583,40704.0,0.4355191256830601,0.46471226927252984,106.0,3.521049990267036
54.0,0.0,6.21402568260026,337.2314333658123,41472.0,0.4418032786885246,0.46796959826275786,108.0,3.5236602629180984
55.0,0.0,6.161199850678641,340.5005502088382,42240.0,0.45437158469945355,0.4820846905537459,110.0,3.526359536952341
56.0,0.0,6.108870321294572,343.6929257761538,43008.0,0.4598360655737705,0.48642779587404994,112.0,3.5291559664771945
57.0,0.0,6.057050722225201,346.8108565575191,43776.0,0.4663934426229508,0.496199782844734,114.0,3.5320404420963993
58.0,0.0,6.00575495087657,349.85671774416295,44544.0,0.48005464480874316,0.510314875135722,116.0,3.535025817165371
59.0,0.0,5.954997156490047,352.8329467216626,45312.0,0.48797814207650275,0.5233441910966341,118.0,3.5381043013411215
60.0,0.0,5.904791299740582,355.74200924720725,46080.0,0.496448087431694,0.5320304017372421,120.0,3.5412763501194715
61.0,0.0,5.855151696315605,358.58649770329663,46848.0,0.5234972677595628,0.5635179153094463,122.0,3.544538932177901
62.0,0.0,5.80609248442281,361.3689703651318,47616.0,0.5346994535519126,0.5689467969598263,124.0,3.547891733678978
63.0,0.0,5.757627515529744,364.09209659161587,48384.0,0.5409836065573771,0.5798045602605864,126.0,3.5513374420676223
64.0,0.0,5.709770863602777,366.75857394953954,49152.0,0.5494535519125683,0.5798045602605864,128.0,3.5548768149156795
65.0,0.0,5.662536280952739,369.3711425743165,49920.0,0.5581967213114755,0.5863192182410424,130.0,3.5585089316819425
66.0,0.0,5.615937008431929,371.9325425386981,50688.0,0.5721311475409836,0.5950054288816504,132.0,3.5622311144490086
67.0,0.0,5.569986137396246,374.44559987239876,51456.0,0.5784153005464481,0.6015200868621065,134.0,3.5660451868345375
68.0,0.0,5.524696694104239,376.91315052577767,52224.0,0.5868852459016394,0.6134636264929425,136.0,3.569950641468889
69.0,0.0,5.480081055343929,379.3380351116845,52992.0,0.598087431693989,0.6210640608034745,138.0,3.5739442180728043
70.0,0.0,5.436151010706947,381.72310638728806,53760.0,0.6057377049180328,0.6254071661237784,140.0,3.5780319739222737
71.0,0.0,5.392918042784173,384.0712556880646,54528.0,0.6092896174863388,0.6221498371335505,142.0,3.5822067930298798
72.0,0.0,5.350393125652946,386.3853544059597,55296.0,0.6150273224043716,0.6362649294245385,144.0,3.586473957086096
73.0,0.0,5.30858659293592,388.6682881626847,56064.0,0.6256830601092896,0.6427795874049945,146.0,3.5908290957994504
74.0,0.0,5.267508351450164,390.9229478519396,56832.0,0.6314207650273224,0.6395222584147665,148.0,3.5952786355929733
75.0,0.0,5.227167817420906,393.1522247611962,57600.0,0.6396174863387978,0.6449511400651465,150.0,3.5998120309324486
76.0,0.0,5.187573661919474,395.3589718505639,58368.0,0.6442622950819672,0.6427795874049945,152.0,3.6044315907141633
77.0,0.0,5.14873393449379,397.5460540614797,59136.0,0.65,0.6547231270358306,154.0,3.609140546858949
78.0,0.0,5.110656217279023,399.7163158340478,59904.0,0.6562841530054645,0.6601520086862106,156.0,3.6139439716928674
79.0,0.0,5.0733474116032165,401.8725751992604,60672.0,0.6633879781420765,0.6688382193268186,158.0,3.6188342236558633
80.0,0.0,5.036813618200575,404.0176037128316,61440.0,0.666120218579235,0.6699239956568946,160.0,3.62380918747981
81.0,0.0,5.0010603576047705,406.15417421914117,62208.0,0.666120218579235,0.6655808903365906,162.0,3.6288719256192015
82.0,0.0,4.966092644832115,408.2850195333258,62976.0,0.666120218579235,0.6666666666666666,164.0,3.634021485779157
83.0,0.0,4.931914755566136,410.4128298906527,63744.0,0.6628415300546449,0.6644951140065146,166.0,3.6392526126883356
84.0,0.0,4.898530339548138,412.54026715343446,64512.0,0.6622950819672131,0.6688382193268186,168.0,3.6445728171639358
85.0,0.0,4.865942432828249,414.6699464273679,65280.0,0.6644808743169399,0.6634093376764386,170.0,3.649976597835462
86.0,0.0,4.834153438678387,416.80444502531464,66048.0,0.6740437158469945,0.6568946796959826,172.0,3.655464026351103
87.0,0.0,4.803165209411276,418.9463014122474,66816.0,0.6759562841530055,0.6612377850162866,174.0,3.6610368024079323
88.0,0.0,4.772979031014515,421.0980080463072,67584.0,0.6773224043715848,0.6558089033659066,176.0,3.6666936687135996
89.0,0.0,4.74359559621544,423.26200808004114,68352.0,0.6762295081967213,0.6514657980456026,178.0,3.6724340412765
90.0,0.0,4.715015030154266,425.44069734772677,69120.0,0.674863387978142,0.6568946796959826,180.0,3.6782579859838505
91.0,0.0,4.687236907286632,427.6364197784402,69888.0,0.6734972677595629,0.6568946796959826,182.0,3.6841628372228805
92.0,0.0,4.660260269236662,429.8514697611057,70656.0,0.6710382513661202,0.6568946796959826,184.0,3.690149964820193
93.0,0.0,4.634083749880395,432.08810771664764,71424.0,0.66775956284153,0.6579804560260586,186.0,3.6962239473326264
94.0,0.0,4.608705475486432,434.34852167480165,72192.0,0.666120218579235,0.6568946796959826,188.0,3.702379524228248
95.0,0.0,4.584122971215059,436.63484285605955,72960.0,0.6647540983606557,0.6568946796959826,190.0,3.708614733017804
96.0,0.0,4.560333355199383,438.94916134222194,73728.0,0.662568306010929,0.6558089033659066,192.0,3.714927799754518
97.0,0.0,4.537333459478546,441.293529796616,74496.0,0.6601092896174864,0.6471226927252985,194.0,3.721321961809758
98.0,0.0,4.515119733612853,443.66993799150316,75264.0,0.6595628415300546,0.6460369163952225,196.0,3.7277993392800517
99.0,0.0,4.49368811076429,446.0803079398262,76032.0,0.6576502732240437,0.6438653637350705,198.0,3.7343566394253065
100.0,0.0,4.4730342136239445,448.5265347849627,76800.0,0.6560109289617486,0.6438653637350705,200.0,3.740995530925193
101.0,0.0,4.453153391137285,451.0104502247689,77568.0,0.6524590163934426,0.6482084690553745,202.0,3.747710800366085
102.0,0.0,4.434040539387064,453.5338198101922,78336.0,0.6489071038251366,0.6438653637350705,204.0,3.7544995397862575
103.0,0.0,4.415690245415721,456.09837074544635,79104.0,0.6442622950819672,0.6384364820846905,206.0,3.7613706749617424
104.0,0.0,4.398096921222303,458.70578886879264,79872.0,0.6426229508196721,0.6351791530944625,208.0,3.768315496226077
105.0,0.0,4.381254697263762,461.35769755659726,80640.0,0.6415300546448087,0.6373507057546145,210.0,3.775341665680918
106.0,0.0,4.36515734559659,464.05565970987993,81408.0,0.6390710382513661,0.6297502714440825,212.0,3.782444982575033
107.0,0.0,4.349798475773351,466.8012141056173,82176.0,0.6377049180327868,0.6275787187839305,214.0,3.7896244479155454
108.0,0.0,4.335171565529778,469.59584404881457,82944.0,0.6349726775956284,0.6254071661237784,216.0,3.796881876675707
109.0,0.0,4.321269869946189,472.4409875994546,83712.0,0.6333333333333333,0.6210640608034745,218.0,3.804211309316895
110.0,0.0,4.308086397575451,475.33801986714457,84480.0,0.6297814207650273,0.6178067318132465,220.0,3.8116143839153582
111.0,0.0,4.295614029759253,478.2882947394096,85248.0,0.6275956284153006,0.6167209554831705,222.0,3.819092488759323
112.0,0.0,4.283845637875091,481.2931281446107,86016.0,0.6265027322404372,0.6145494028230185,224.0,3.826646745363485
113.0,0.0,4.272773818826621,484.35375491020557,86784.0,0.6254098360655738,0.6134636264929425,226.0,3.8342700409133696
114.0,0.0,4.262391039937149,487.4714021954644,87552.0,0.6256830601092896,0.6112920738327905,228.0,3.8419714080328755
115.0,0.0,4.252689657163652,490.6472189521754,88320.0,0.6248633879781421,0.6102062975027145,230.0,3.8497400707493385
116.0,0.0,4.243662024699345,493.88237077807275,89088.0,0.6248633879781421,0.6102062975027145,232.0,3.8575883983030628
117.0,0.0,4.235300422457006,497.1779280768667,89856.0,0.6237704918032787,0.6091205211726385,234.0,3.8655027456221704
118.0,0.0,4.2275971105117005,500.53499000389456,90624.0,0.6243169398907104,0.6080347448425625,236.0,3.873491040725949
119.0,0.0,4.220544355093205,503.95456650828817,91392.0,0.6237704918032787,0.6091205211726385,238.0,3.8815527495736144
120.0,0.0,4.214134142308188,507.4376276456769,92160.0,0.6237704918032787,0.6091205211726385,240.0,3.8896828461483706
121.0,0.0,4.2083585370709375,510.98513832548997,92928.0,0.6234972677595628,0.6091205211726385,242.0,3.8978826819028214
122.0,0.0,4.203209611889743,514.5980069756072,93696.0,0.6240437158469946,0.6091205211726385,244.0,3.9061509070238705
123.0,0.0,4.198679456748534,518.2771393845323,94464.0,0.6248633879781421,0.6091205211726385,246.0,3.9144941927971026
124.0,0.0,4.194760218332891,522.0233947620245,95232.0,0.6237704918032787,0.6112920738327905,248.0,3.922904899359845
125.0,0.0,4.191443953483343,525.8375936088114,96000.0,0.6234972677595628,0.6123778501628665,250.0,3.9313861989410195
126.0,0.0,4.188722594314254,529.7205001583807,96768.0,0.6188524590163934,0.6080347448425625,252.0,3.9399340382879906
127.0,0.0,4.1865881220509715,533.6728828425662,97536.0,0.6161202185792349,0.6036916395222585,254.0,3.9485447070382813
128.0,0.0,4.185032753372011,537.6955020206685,98304.0,0.614207650273224,0.6036916395222585,256.0,3.9572271160473713
129.0,0.0,4.184048653553892,541.7890505962355,99072.0,0.6087431693989072,0.5960912052117264,258.0,3.965970336081833
130.0,0.0,4.183627725796731,545.9541581109145,99840.0,0.6062841530054645,0.5928338762214984,260.0,3.974780008698863
131.0,0.0,4.183762022559562,550.1914917996908,100608.0,0.605191256830601,0.5874049945711184,262.0,3.9836579743249767
132.0,0.0,4.184443904563918,554.5016990051836,101376.0,0.6054644808743169,0.5884907709011944,264.0,3.9925977836383413
133.0,0.0,4.185665636651981,558.8853603442435,102144.0,0.6057377049180328,0.5841476655808904,266.0,4.0016042146437965
134.0,0.0,4.187419495248444,563.3430643823397,102912.0,0.605191256830601,0.5830618892508144,268.0,4.010673371850976
135.0,0.0,4.189697917416483,567.8753733201108,103680.0,0.6046448087431694,0.5819761129207384,270.0,4.019807629877299
136.0,0.0,4.192493320733389,572.482809919371,104448.0,0.603551912568306,0.5808903365906624,272.0,4.029003819166455
137.0,0.0,4.1957982247517664,577.1659036626131,105216.0,0.6038251366120219,0.5808903365906624,274.0,4.038264071209526
138.0,0.0,4.199605231329515,581.925140184333,105984.0,0.6032786885245902,0.5808903365906624,276.0,4.047594004518588
139.0,0.0,4.203906825785928,586.7609573841548,106752.0,0.6027322404371585,0.5808903365906624,278.0,4.056978440173825
140.0,0.0,4.208695655807243,591.6738262418733,107520.0,0.6032786885245902,0.5819761129207384,280.0,4.066430397878525
141.0,0.0,4.213964579263656,596.6641851104778,108288.0,0.6030054644808743,0.5819761129207384,282.0,4.075942989988367
142.0,0.0,4.219706443636153,601.7324448821896,109056.0,0.6057377049180328,0.5830618892508144,284.0,4.0855170221084665
143.0,0.0,4.225914133731885,606.8789973651294,109824.0,0.6057377049180328,0.5830618892508144,286.0,4.09514992147834
144.0,0.0,4.232580650941931,612.1042301061468,110592.0,0.605191256830601,0.5841476655808904,288.0,4.104841967369279
145.0,0.0,4.239698988814245,617.4084766499843,111360.0,0.605191256830601,0.5841476655808904,290.0,4.114594123105966
146.0,0.0,4.247262169693588,622.7920769005434,112128.0,0.605191256830601,0.5841476655808904,292.0,4.124402999700027
147.0,0.0,4.255263512449034,628.2553957594725,112896.0,0.6049180327868853,0.5830618892508144,294.0,4.134270901858839
148.0,0.0,4.26369645994519,633.7987563843037,113664.0,0.605191256830601,0.5830618892508144,296.0,4.144202360829282
149.0,0.0,4.272554436650907,639.4224657376665,114432.0,0.605191256830601,0.5841476655808904,298.0,4.154192040495786
150.0,0.0,4.281830870130757,645.1267953015606,115200.0,0.6054644808743169,0.5830618892508144,300.0,4.164237523875073
151.0,0.0,4.291519358670439,650.9120510169121,115968.0,0.6060109289617487,0.5819761129207384,302.0,4.174337131457306
152.0,0.0,4.301613635762088,656.7784942547628,116736.0,0.6057377049180328,0.5819761129207384,304.0,4.184495863795085
153.0,0.0,4.31210748738968,662.7263968864793,117504.0,0.6065573770491803,0.5819761129207384,306.0,4.194710838955464
154.0,0.0,4.32299481807442,668.7560070804423,118272.0,0.6065573770491803,0.5819761129207384,308.0,4.204982175411117
155.0,0.0,4.334269499014505,674.8675376140543,119040.0,0.6062841530054645,0.5830618892508144,310.0,4.2153099171700505
156.0,0.0,4.345925592937113,681.0612473823248,119808.0,0.6062841530054645,0.5830618892508144,312.0,4.2256907868276885
157.0,0.0,4.357957334035606,687.3373555048554,120576.0,0.6068306010928962,0.5830618892508144,314.0,4.236125409583757
158.0,0.0,4.37035890663713,693.6960589924777,121344.0,0.6068306010928962,0.5830618892508144,316.0,4.2466164445659
159.0,0.0,4.383124642461113,700.1375773101563,122112.0,0.6068306010928962,0.5830618892508144,318.0,4.257153783653709
160.0,0.0,4.396249117260424,706.6621402131793,122880.0,0.6068306010928962,0.5841476655808904,320.0,4.267752793812677
161.0,0.0,4.409726811304654,713.2698930269191,123648.0,0.6068306010928962,0.5841476655808904,322.0,4.27839685929645
162.0,0.0,4.423552176555921,719.9610121771991,124416.0,0.6068306010928962,0.5841476655808904,324.0,4.28909773405759
163.0,0.0,4.437720066245561,726.7357294188537,125184.0,0.607103825136612,0.5841476655808904,326.0,4.299857019931348
164.0,0.0,4.452225501272531,733.5942349985366,125952.0,0.6073770491803279,0.5841476655808904,328.0,4.310665161092324
165.0,0.0,4.467063437244173,740.5366992920403,126720.0,0.6076502732240437,0.5841476655808904,330.0,4.321527424167359
166.0,0.0,4.482228908404649,747.5632982983032,127488.0,0.6076502732240437,0.5830618892508144,332.0,4.33243374344972
167.0,0.0,4.497717032812539,754.6741906610848,128256.0,0.6081967213114754,0.5830618892508144,334.0,4.343395491518319
168.0,0.0,4.513522985877087,761.8695325936164,129024.0,0.6081967213114754,0.5830618892508144,336.0,4.354405377895997
169.0,0.0,4.5296420331107585,769.14947459782,129792.0,0.6087431693989072,0.5830618892508144,338.0,4.365466957061653
170.0,0.0,4.54606952703108,776.5141645927472,130560.0,0.6087431693989072,0.5830618892508144,340.0,4.376577681806709
171.0,0.0,4.562800923635482,783.9637512905877,131328.0,0.6087431693989072,0.5819761129207384,342.0,4.387735540851024
172.0,0.0,4.579831757960756,791.4983734479124,132096.0,0.6090163934426229,0.5819761129207384,344.0,4.398945233240335
173.0,0.0,4.5971577264868095,799.1181999165237,132864.0,0.6090163934426229,0.5808903365906624,346.0,4.410204206896254
174.0,0.0,4.61477458246798,806.8233547823334,133632.0,0.6090163934426229,0.5808903365906624,348.0,4.421507694605822
175.0,0.0,4.632678009723468,814.6139486208804,134400.0,0.6090163934426229,0.5808903365906624,350.0,4.43286095564342
176.0,0.0,4.650863800065384,822.4901090021347,135168.0,0.6090163934426229,0.5808903365906624,352.0,4.444262100433873
177.0,0.0,4.669327929613289,830.4519780809696,135936.0,0.6087431693989072,0.5808903365906624,354.0,4.455706121806281
178.0,0.0,4.6880664323377195,838.4996718312584,136704.0,0.6087431693989072,0.5808903365906624,356.0,4.467197991743202
179.0,0.0,4.707075421294997,846.6333289923505,137472.0,0.6087431693989072,0.5808903365906624,358.0,4.478737657477834
180.0,0.0,4.726351158780621,854.8530881686731,138240.0,0.6084699453551913,0.5808903365906624,360.0,4.490323314214668
181.0,0.0,4.7458899778807,863.1590838241402,139008.0,0.6081967213114754,0.5808903365906624,362.0,4.501953995931862
182.0,0.0,4.765688224762759,871.5514299895042,139776.0,0.6081967213114754,0.5808903365906624,364.0,4.513631982113395
183.0,0.0,4.78574233258613,880.0302637370196,140544.0,0.6081967213114754,0.5808903365906624,366.0,4.525357256796908
184.0,0.0,4.806048715078718,888.5956634119486,141312.0,0.6084699453551913,0.5808903365906624,368.0,4.537120996038323
185.0,0.0,4.826603798584848,897.247742064445,142080.0,0.6087431693989072,0.5808903365906624,370.0,4.54893218832009
186.0,0.0,4.847404255702735,905.9866410569723,142848.0,0.6087431693989072,0.5819761129207384,372.0,4.560786320582873
187.0,0.0,4.868446833654619,914.812474729855,143616.0,0.6087431693989072,0.5819761129207384,374.0,4.572683712540382
188.0,0.0,4.889728245284464,923.7253454971035,144384.0,0.6087431693989072,0.5819761129207384,376.0,4.584626207772273
189.0,0.0,4.911245391168843,932.7254123647192,145152.0,0.6087431693989072,0.5819761129207384,378.0,4.596612504319657
190.0,0.0,4.932995214543967,941.812769161988,145920.0,0.6087431693989072,0.5819761129207384,380.0,4.608636035774797
191.0,0.0,4.954974600017542,950.9875280447131,146688.0,0.6087431693989072,0.5819761129207384,382.0,4.620704908244601
192.0,0.0,4.977180556478889,960.2498056431803,147456.0,0.6087431693989072,0.5819761129207384,384.0,4.632809078232424
193.0,0.0,4.999610097995669,969.5996921831481,148224.0,0.6087431693989072,0.5819761129207384,386.0,4.644964074573949
194.0,0.0,5.0222603492113125,979.037323310841,148992.0,0.6087431693989072,0.5819761129207384,388.0,4.657160539891921
195.0,0.0,5.045128428311537,988.5627637306586,149760.0,0.6084699453551913,0.5819761129207384,390.0,4.669393232783572
196.0,0.0,5.068211422037551,998.1761137080616,150528.0,0.6084699453551913,0.5819761129207384,392.0,4.681668228062918
197.0,0.0,5.091506624254017,1007.8774962480211,151296.0,0.6084699453551913,0.5819761129207384,394.0,4.693985087333408
198.0,0.0,5.1150114725517835,1017.667046882485,152064.0,0.6084699453551913,0.5819761129207384,396.0,4.706338636063883
199.0,0.0,5.138723375421517,1027.5448565352785,152832.0,0.6084699453551913,0.5819761129207384,398.0,4.718730674453052
200.0,0.0,5.162639735533516,1037.511037678128,153600.0,0.6084699453551913,0.5819761129207384,400.0,4.731166741749328
