t,n_grads,f,f_avg,trans_bits,train_accuracy,test_accuracy,comm_rounds,var_error
0.0,0.0,4.300353516934229,4.300353516934229,0.0,0.3882513661202186,0.4147665580890337,0.0,3.6027431561221914
1.0,0.0,12.8559707953314,17.111234556794344,768.0,0.3882513661202186,0.4147665580890337,2.0,3.597372264775859
2.0,0.0,10.660735398883489,25.53170703873961,1536.0,0.3882513661202186,0.4147665580890337,4.0,3.5920738555590384
3.0,0.0,9.898985266954535,33.86220456298759,2304.0,0.3882513661202186,0.4147665580890337,6.0,3.586838944715306
4.0,0.0,9.49561402361033,42.10270762589504,3072.0,0.3882513661202186,0.4147665580890337,8.0,3.581663122242905
5.0,0.0,9.235602783486591,50.25332020897087,3840.0,0.3882513661202186,0.4147665580890337,10.0,3.576557421440757
6.0,0.0,9.047298622336678,58.314263259069264,4608.0,0.3882513661202186,0.4147665580890337,12.0,3.5715149148981924
7.0,0.0,8.899993347925703,66.28564361189058,5376.0,0.3882513661202186,0.4147665580890337,14.0,3.5665332871763185
8.0,0.0,8.77832005536047,74.16747727387695,6144.0,0.3882513661202186,0.4147665580890337,16.0,3.561610138707289
9.0,0.0,8.673746233543264,81.95995492990181,6912.0,0.3882513661202186,0.4147665580890337,18.0,3.5567585911818234
10.0,0.0,8.581158541533703,89.66321590077226,7680.0,0.3882513661202186,0.4147665580890337,20.0,3.5519764691115956
11.0,0.0,8.497301690872021,97.27742129841221,8448.0,0.3882513661202186,0.4147665580890337,22.0,3.5472644986143074
12.0,0.0,8.420000834253202,104.80259872366463,9216.0,0.3882513661202186,0.4147665580890337,24.0,3.54260862660917
13.0,0.0,8.347749950024152,112.23889997696332,9984.0,0.3882513661202186,0.4147665580890337,26.0,3.5380215427921935
14.0,0.0,8.27947954083274,119.58652716635342,10752.0,0.3882513661202186,0.4147665580890337,28.0,3.5335069790458467
15.0,0.0,8.214404728199904,126.84561467964369,11520.0,0.3882513661202186,0.4147665580890337,30.0,3.5290584589970084
16.0,0.0,8.151934407116693,134.0162863480905,12288.0,0.3882513661202186,0.4147665580890337,32.0,3.5246759696282695
17.0,0.0,8.091617525870284,141.09870953149914,13056.0,0.3882513661202186,0.4147665580890337,34.0,3.520362829639162
18.0,0.0,8.033102749361298,148.09298944550756,13824.0,0.3882513661202186,0.4147665580890337,36.0,3.5161167907015227
19.0,0.0,7.97611432801733,154.99935501915098,14592.0,0.3882513661202186,0.4147665580890337,38.0,3.5119412222198165
20.0,0.0,7.92043330217288,161.81797706776422,15360.0,0.3882513661202186,0.4147665580890337,40.0,3.5078353247986613
21.0,0.0,7.865879296821806,168.54895339875162,16128.0,0.3882513661202186,0.4147665580890337,42.0,3.503797418873851
22.0,0.0,7.812307753510996,175.19258775573223,16896.0,0.3882513661202186,0.4147665580890337,44.0,3.4998326287957444
23.0,0.0,7.759600169452027,181.749020039061,17664.0,0.3882513661202186,0.4147665580890337,46.0,3.495932621083353
24.0,0.0,7.707652772190897,188.21831302610207,18432.0,0.3882513661202186,0.4147665580890337,48.0,3.492098060871999
25.0,0.0,7.656382215380206,194.60079774290824,19200.0,0.3882513661202186,0.4147665580890337,50.0,3.488334948781445
26.0,0.0,7.605719246571341,200.8966030788015,19968.0,0.3882513661202186,0.4147665580890337,52.0,3.484640667063607
27.0,0.0,7.55560356761323,207.10598957231292,20736.0,0.3882513661202186,0.4147665580890337,54.0,3.481014529616755
28.0,0.0,7.505985339244057,213.22918942535426,21504.0,0.3882513661202186,0.4147665580890337,56.0,3.4774612402657032
29.0,0.0,7.456821350564962,219.26644890741352,22272.0,0.3882513661202186,0.4147665580890337,58.0,3.4739758798661464
30.0,0.0,7.408075201200216,225.2180631645994,23040.0,0.3882513661202186,0.4147665580890337,60.0,3.4705653061419364
31.0,0.0,7.359715533493674,231.08429991200836,23808.0,0.3882513661202186,0.4147665580890337,62.0,3.4672279047363
32.0,0.0,7.3117149455784345,236.86545660501145,24576.0,0.3882513661202186,0.4147665580890337,64.0,3.4639595268710175
33.0,0.0,7.264049453249598,242.56180730946204,25344.0,0.3882513661202186,0.4147665580890337,66.0,3.460763904541369
34.0,0.0,7.2166972020497715,248.17360242992243,26112.0,0.3882513661202186,0.4147665580890337,68.0,3.457634268768471
35.0,0.0,7.169639567450293,253.7011672915981,26880.0,0.3882513661202186,0.4147665580890337,70.0,3.4545783287135414
36.0,0.0,7.122861165606555,259.1448366320738,27648.0,0.3882513661202186,0.4147665580890337,72.0,3.451593240643073
37.0,0.0,7.07634827891082,264.5049360073269,28416.0,0.3882513661202186,0.4147665580890337,74.0,3.448679479855921
38.0,0.0,7.030089109044674,269.7818362800684,29184.0,0.3882513661202186,0.4147665580890337,76.0,3.4458407320080817
39.0,0.0,6.98407398834114,274.97593481054054,29952.0,0.3882513661202186,0.4147665580890337,78.0,3.443075534706952
40.0,0.0,6.938294695200578,280.0876408055057,30720.0,0.3882513661202186,0.4147665580890337,80.0,3.4403823616584224
41.0,0.0,6.892743452188217,285.1173222739281,31488.0,0.3882513661202186,0.4147665580890337,82.0,3.437754439039705
42.0,0.0,6.847413347269419,290.06539889670313,32256.0,0.3882513661202186,0.4147665580890337,84.0,3.4352080800230094
43.0,0.0,6.802299610772176,294.93236762970395,33024.0,0.3882513661202186,0.4147665580890337,86.0,3.4327296768522575
44.0,0.0,6.757398649564811,299.7187135319994,33792.0,0.3882513661202186,0.4147665580890337,88.0,3.430329603026017
45.0,0.0,6.712706465593017,304.42486837137216,34560.0,0.3882513661202186,0.4147665580890337,90.0,3.428001182487743
46.0,0.0,6.668220479594229,309.05141575129693,35328.0,0.3882513661202186,0.4147665580890337,92.0,3.4257445020149593
47.0,0.0,6.623939195374754,313.59886861392994,36096.0,0.3882513661202186,0.4147665580890337,94.0,3.4235619469689182
48.0,0.0,6.579860903720021,318.067778143192,36864.0,0.3882513661202186,0.4147665580890337,96.0,3.42145130658868
49.0,0.0,6.5359848916369625,322.4587412372303,37632.0,0.3882513661202186,0.4147665580890337,98.0,3.419413886557099
50.0,0.0,6.492311242509178,326.7723830136875,38400.0,0.3882513661202186,0.4147665580890337,100.0,3.4174536964709623
51.0,0.0,6.448840302267693,331.00932781761725,39168.0,0.3882513661202186,0.4147665580890337,102.0,3.415568947285154
52.0,0.0,6.405572173600597,335.17017823684483,39936.0,0.3882513661202186,0.4147665580890337,104.0,3.413754580798206
53.0,0.0,6.36250800640426,339.25567044200676,40704.0,0.3882513661202186,0.4147665580890337,106.0,3.4120201573914892
54.0,0.0,6.319650220040846,343.2665533224046,41472.0,0.3882513661202186,0.4147665580890337,108.0,3.410357394595723
55.0,0.0,6.2770013048716296,347.2035902134747,42240.0,0.41120218579234974,0.43431053203040176,110.0,3.4087693798641623
56.0,0.0,6.234563961118738,351.067573431824,43008.0,0.41174863387978144,0.43539630836047777,112.0,3.407257443265659
57.0,0.0,6.192341198728892,354.85932322326966,43776.0,0.4122950819672131,0.43539630836047777,114.0,3.405822803646456
58.0,0.0,6.150336537631409,358.57971514197374,44544.0,0.4133879781420765,0.43431053203040176,116.0,3.4044621341719705
59.0,0.0,6.108553247609116,362.2295680759019,45312.0,0.41502732240437157,0.4364820846905538,118.0,3.4031729101625476
60.0,0.0,6.066994573862002,365.8097807875383,46080.0,0.41775956284153004,0.4364820846905538,120.0,3.401963457147884
61.0,0.0,6.025664290968001,369.32126271055785,46848.0,0.419672131147541,0.4375678610206297,122.0,3.4008288944060308
62.0,0.0,5.98456614645447,372.7649394497964,47616.0,0.4215846994535519,0.44082519001085774,124.0,3.399764832482311
63.0,0.0,5.943704526651977,376.1418309083527,48384.0,0.42349726775956287,0.44516829533116176,126.0,3.3987776908716265
64.0,0.0,5.9030846002962445,379.4529979295666,49152.0,0.42568306010928963,0.4495114006514658,128.0,3.397868423693235
65.0,0.0,5.862711155180962,382.69945224395855,49920.0,0.4262295081967213,0.4495114006514658,130.0,3.397029254152512
66.0,0.0,5.822589219860478,385.88232477762455,50688.0,0.4314207650273224,0.4549402823018458,132.0,3.3962647267404535
67.0,0.0,5.782723928627582,389.00268165847143,51456.0,0.43633879781420765,0.4603691639522258,134.0,3.3955784426507005
68.0,0.0,5.743120846138134,392.06175341631484,52224.0,0.4418032786885246,0.46362649294245384,136.0,3.3949701085079362
69.0,0.0,5.703785729366797,395.0606772363031,52992.0,0.4448087431693989,0.47122692725298587,138.0,3.3944365372100234
70.0,0.0,5.664724271573648,398.00072078400757,53760.0,0.44808743169398907,0.4766558089033659,140.0,3.393980408707552
71.0,0.0,5.625942320520523,400.8830887299068,54528.0,0.45737704918032784,0.48534201954397393,142.0,3.393596479936075
72.0,0.0,5.587445669499393,403.7090876780058,55296.0,0.4636612021857924,0.496199782844734,144.0,3.3932944061389043
73.0,0.0,5.549240613367991,406.48004187372095,56064.0,0.4707650273224044,0.501628664495114,146.0,3.3930665610346753
74.0,0.0,5.511332903682122,409.1972278712332,56832.0,0.4825136612021858,0.512486427795874,148.0,3.392908690784664
75.0,0.0,5.473728645253181,411.8620689167439,57600.0,0.4937158469945355,0.5200868621064061,150.0,3.392829605287417
76.0,0.0,5.436434405915313,414.47596078238365,58368.0,0.5024590163934426,0.5374592833876222,152.0,3.392831164454749
77.0,0.0,5.399456348605781,417.0403169029067,59136.0,0.510655737704918,0.5374592833876222,154.0,3.3929082494544844
78.0,0.0,5.362800509941628,419.5565626479873,59904.0,0.5163934426229508,0.5483170466883822,156.0,3.393059602712924
79.0,0.0,5.326472890753395,422.02615409104914,60672.0,0.5226775956284153,0.5559174809989142,158.0,3.3932837856669114
80.0,0.0,5.290479694591959,424.45059704366435,61440.0,0.5325136612021858,0.5591748099891423,160.0,3.393588275905031
81.0,0.0,5.254827149826947,426.8314012283011,62208.0,0.5491803278688525,0.5711183496199783,162.0,3.3939650222287514
82.0,0.0,5.219521230935082,429.17008064505234,62976.0,0.5584699453551912,0.5798045602605864,164.0,3.394423615649684
83.0,0.0,5.184567742047876,431.46816453489504,63744.0,0.5663934426229508,0.5765472312703583,166.0,3.394950795292827
84.0,0.0,5.1499726115663425,433.7272342082504,64512.0,0.5737704918032787,0.5874049945711184,168.0,3.3955579372334905
85.0,0.0,5.11574175179422,435.9488635967669,65280.0,0.5942622950819673,0.6134636264929425,170.0,3.396234474235109
86.0,0.0,5.081880889176012,438.1346493415072,66048.0,0.598087431693989,0.6156351791530945,172.0,3.396989489603164
87.0,0.0,5.0483956518034,440.28619407228433,66816.0,0.6046448087431694,0.6156351791530945,174.0,3.397820731442501
88.0,0.0,5.015291454280203,442.40510188103144,67584.0,0.6079234972677595,0.6221498371335505,176.0,3.3987297378478556
89.0,0.0,4.982573570044942,444.4929935869683,68352.0,0.6166666666666667,0.6232356134636265,178.0,3.3997174752881305
90.0,0.0,4.950247137638065,446.55149118788336,69120.0,0.6224043715846994,0.6319218241042345,180.0,3.4007756188088063
91.0,0.0,4.91831713599006,448.5822275623076,69888.0,0.6292349726775956,0.6460369163952225,182.0,3.4019088094887278
92.0,0.0,4.886788403063137,450.58683860130964,70656.0,0.6404371584699453,0.6514657980456026,184.0,3.403119059117062
93.0,0.0,4.855665551570312,452.5669539907684,71424.0,0.65,0.6471226927252985,186.0,3.404406680883285
94.0,0.0,4.824952964565882,454.52420334761734,72192.0,0.6592896174863389,0.6612377850162866,188.0,3.4057647153716784
95.0,0.0,4.79465487805579,456.46022348298277,72960.0,0.6612021857923497,0.6601520086862106,190.0,3.4071980025573385
96.0,0.0,4.7647752956041804,458.37663327301993,73728.0,0.6628415300546449,0.6558089033659066,192.0,3.4087067451203903
97.0,0.0,4.7353179713400415,460.27505316694817,74496.0,0.662568306010929,0.6623235613463626,194.0,3.4102900386157406
98.0,0.0,4.706286463303427,462.1570936405236,75264.0,0.6702185792349726,0.6677524429967426,196.0,3.4119527628711985
99.0,0.0,4.677684106487482,464.0243594439978,76032.0,0.6710382513661202,0.6688382193268186,198.0,3.413686759100422
100.0,0.0,4.649514033265002,465.8784472090026,76800.0,0.6718579234972678,0.6710097719869706,200.0,3.4154956911083647
101.0,0.0,4.62177911490389,467.72093400158315,77568.0,0.6729508196721311,0.6699239956568946,202.0,3.4173750176897078
102.0,0.0,4.594482014676969,469.5533969925185,78336.0,0.680327868852459,0.6710097719869706,204.0,3.4193322429224917
103.0,0.0,4.567625180811104,471.3773902545689,79104.0,0.6816939890710383,0.6818675352877307,206.0,3.4213590167993493
104.0,0.0,4.541210781594277,473.1944523170407,79872.0,0.6775956284153005,0.6764386536373507,208.0,3.4234631052718774
105.0,0.0,4.5152407679331015,475.00610894891054,80640.0,0.6778688524590164,0.6807817589576547,210.0,3.4256373296843106
106.0,0.0,4.489716906999917,476.8138753350719,81408.0,0.6762295081967213,0.6677524429967426,212.0,3.4278870481920487
107.0,0.0,4.464640749469077,478.6192450513106,82176.0,0.6781420765027323,0.6666666666666666,214.0,3.430210800628347
108.0,0.0,4.440013603361996,480.42369327488063,82944.0,0.6773224043715848,0.6688382193268186,216.0,3.432610483679091
109.0,0.0,4.41583652718657,482.2286696517915,83712.0,0.6806010928961749,0.6688382193268186,218.0,3.435077356656845
110.0,0.0,4.392110387137215,484.03561551839596,84480.0,0.6811475409836065,0.6688382193268186,220.0,3.4376244992438596
111.0,0.0,4.368835842968887,485.845941620697,85248.0,0.680327868852459,0.6601520086862106,222.0,3.4402418649598974
112.0,0.0,4.346013336951388,487.6610458564138,86016.0,0.6786885245901639,0.6612377850162866,224.0,3.4429331229331464
113.0,0.0,4.323643129609826,489.48230143540684,86784.0,0.676775956284153,0.6634093376764386,226.0,3.4456952215375174
114.0,0.0,4.3017252500662435,491.3110555796967,87552.0,0.676775956284153,0.6601520086862106,228.0,3.448529759640245
115.0,0.0,4.280259527872495,493.14863583097724,88320.0,0.676775956284153,0.6623235613463626,230.0,3.451435195113858
116.0,0.0,4.259245608478036,494.9963453359271,89088.0,0.674863387978142,0.6655808903365906,232.0,3.454411733397473
117.0,0.0,4.2386829884616475,496.85547396409834,89856.0,0.6715846994535519,0.6655808903365906,234.0,3.4574595513156168
118.0,0.0,4.218571016420994,498.7272859112562,90624.0,0.6688524590163935,0.6623235613463626,236.0,3.460582443728237
119.0,0.0,4.1989088483710235,500.6130200010473,91392.0,0.6658469945355191,0.6612377850162866,238.0,3.4637772849774744
120.0,0.0,4.1796954385560365,502.51388525240145,92160.0,0.6628415300546449,0.6623235613463626,240.0,3.4670441581187816
121.0,0.0,4.160929565562462,504.43106961371427,92928.0,0.6612021857923497,0.6579804560260586,242.0,3.470377009338
122.0,0.0,4.142609882898187,506.36574181344326,93696.0,0.6603825136612022,0.6558089033659066,244.0,3.4737840836349725
123.0,0.0,4.1247349111124825,508.31904632022736,94464.0,0.6603825136612022,0.6547231270358306,246.0,3.4772603934592197
124.0,0.0,4.107303097604398,510.2921218856634,95232.0,0.6603825136612022,0.6547231270358306,248.0,3.4808099845456666
125.0,0.0,4.090312682857287,512.2860488286583,96000.0,0.659016393442623,0.6547231270358306,250.0,3.484428856374089
126.0,0.0,4.073761747452815,514.3019115294512,96768.0,0.6568306010928961,0.6547231270358306,252.0,3.4881168759622296
127.0,0.0,4.057648312649489,516.340759883519,97536.0,0.6576502732240437,0.6503800217155266,254.0,3.4918728804843506
128.0,0.0,4.041970259162704,518.4036264621332,98304.0,0.6551912568306011,0.6438653637350705,256.0,3.4956995229702894
129.0,0.0,4.026725371202916,520.4915193082193,99072.0,0.6549180327868852,0.6438653637350705,258.0,3.499598981748811
130.0,0.0,4.011911369053926,522.6054366458013,99840.0,0.6546448087431694,0.6438653637350705,260.0,3.503566596138363
131.0,0.0,3.9975257730836864,524.7463159021245,100608.0,0.6543715846994536,0.6482084690553745,262.0,3.507603004963424
132.0,0.0,3.983566021897447,526.9151138788015,101376.0,0.6513661202185792,0.6460369163952225,264.0,3.511707446687668
133.0,0.0,3.9700295694053658,529.1127515830258,102144.0,0.6502732240437158,0.6438653637350705,266.0,3.5158823263186236
134.0,0.0,3.9569138330005296,531.3401556611161,102912.0,0.65,0.6416938110749185,268.0,3.5201286471385624
135.0,0.0,3.9442161697270177,533.5982101651787,103680.0,0.6486338797814207,0.6406080347448425,270.0,3.5244337878924608
136.0,0.0,3.9319337332016433,535.8877652656683,104448.0,0.6491803278688525,0.6406080347448425,272.0,3.5288049403028907
137.0,0.0,3.9200636564588036,538.2096766040438,105216.0,0.6565573770491804,0.6449511400651465,274.0,3.533243792014028
138.0,0.0,3.908603029407089,540.5647595123128,105984.0,0.6568306010928961,0.6471226927252985,276.0,3.5377516318573163
139.0,0.0,3.897548719141827,542.9537844091151,106752.0,0.6565573770491804,0.6416938110749185,278.0,3.5423263176263458
140.0,0.0,3.8868976529779617,545.3775584247142,107520.0,0.6530054644808743,0.6362649294245385,280.0,3.5469680471014478
141.0,0.0,3.876646749401512,547.8368249065122,108288.0,0.651912568306011,0.6351791530944625,282.0,3.5516794470669564
142.0,0.0,3.866792791286185,550.3323278187643,109056.0,0.6530054644808743,0.6351791530944625,284.0,3.556455261633543
143.0,0.0,3.8573325635945963,552.8647853692903,109824.0,0.6513661202185792,0.6308360477741585,286.0,3.5612925885359616
144.0,0.0,3.848262852743572,555.4349162208584,110592.0,0.65,0.6319218241042345,288.0,3.566192602677197
145.0,0.0,3.8395803414295244,558.0433827937036,111360.0,0.6478142076502732,0.6308360477741585,290.0,3.5711635663274977
146.0,0.0,3.8312817784547013,560.6908965150692,112128.0,0.6461748633879781,0.6286644951140065,292.0,3.5762024843016915
147.0,0.0,3.823363972035013,563.3781112632246,112896.0,0.644808743169399,0.6254071661237784,294.0,3.58130825790141
148.0,0.0,3.815823519427219,566.1056504872322,113664.0,0.6431693989071038,0.6232356134636265,296.0,3.5864746620964447
149.0,0.0,3.808657033554823,568.8741455121051,114432.0,0.6415300546448087,0.6232356134636265,298.0,3.5917114910534247
150.0,0.0,3.8018612908711655,571.6842417492446,115200.0,0.6407103825136612,0.6167209554831705,300.0,3.5970060416652743
151.0,0.0,3.7954328745736112,574.536486371986,115968.0,0.6377049180327868,0.6134636264929425,302.0,3.6023625142366633
152.0,0.0,3.7893683600520016,577.4314950838225,116736.0,0.6371584699453552,0.6123778501628665,304.0,3.6077947384674216
153.0,0.0,3.7836643611240888,580.3697994201486,117504.0,0.635792349726776,0.6102062975027145,306.0,3.613284473020151
154.0,0.0,3.7783171937735403,583.3518962621017,118272.0,0.6360655737704918,0.6112920738327905,308.0,3.6188279528085037
155.0,0.0,3.773323389488466,586.3783544793228,119040.0,0.6333333333333333,0.6102062975027145,310.0,3.624437904939341
156.0,0.0,3.7686794886747497,589.4496459871991,119808.0,0.6330601092896175,0.6102062975027145,312.0,3.6301050793834095
157.0,0.0,3.764382215690399,592.5663697395862,120576.0,0.6303278688524591,0.6058631921824105,314.0,3.635848908400225
158.0,0.0,3.760428330634881,595.7289827410361,121344.0,0.6286885245901639,0.6080347448425625,316.0,3.641649312849348
159.0,0.0,3.7568143389894275,598.9379770576018,122112.0,0.6284153005464481,0.6069489685124865,318.0,3.647509985385112
160.0,0.0,3.753536782370567,602.1937933009797,122880.0,0.6275956284153006,0.6047774158523345,320.0,3.65344103733416
161.0,0.0,3.7505919925747118,605.4968283080775,123648.0,0.6259562841530054,0.6047774158523345,322.0,3.6594172303262096
162.0,0.0,3.747976790082734,608.8476516787282,124416.0,0.6254098360655738,0.6047774158523345,324.0,3.6654689201848214
163.0,0.0,3.745687906546144,612.2466058553148,125184.0,0.6213114754098361,0.5971769815418024,326.0,3.6715550047219234
164.0,0.0,3.7437215936377743,615.6940768578752,125952.0,0.6213114754098361,0.5971769815418024,328.0,3.6777166900293454
165.0,0.0,3.7420745899139587,619.1905378137312,126720.0,0.6218579234972678,0.5960912052117264,330.0,3.6839379760947026
166.0,0.0,3.740743625455621,622.7363458375348,127488.0,0.6213114754098361,0.5960912052117264,332.0,3.6902156063179024
167.0,0.0,3.739725253307228,626.3318887670794,128256.0,0.6210382513661202,0.5960912052117264,334.0,3.696547813447793
168.0,0.0,3.7390161178836783,629.9775268418366,129024.0,0.6213114754098361,0.5950054288816504,336.0,3.702945458672686
169.0,0.0,3.7386127351687444,633.673577645199,129792.0,0.6218579234972678,0.5960912052117264,338.0,3.709390093536669
170.0,0.0,3.738511817493732,637.4204403026699,130560.0,0.6224043715846994,0.5960912052117264,340.0,3.7159028616969527
171.0,0.0,3.7387104658210175,641.2185390081181,131328.0,0.6224043715846994,0.5960912052117264,342.0,3.7224818667997597
172.0,0.0,3.7392054176494165,645.0681246632812,132096.0,0.6213114754098361,0.5950054288816504,344.0,3.729103012435357
173.0,0.0,3.739993305845206,648.9695591591601,132864.0,0.6213114754098361,0.5906623235613464,346.0,3.735783172292215
174.0,0.0,3.741070887548078,652.923109707571,133632.0,0.6210382513661202,0.5906623235613464,348.0,3.742529266672925
175.0,0.0,3.7424348597702934,656.9290912120316,134400.0,0.6210382513661202,0.5917480998914224,350.0,3.74933524065596
176.0,0.0,3.7440820123423006,660.9877771324582,135168.0,0.6204918032786885,0.5906623235613464,352.0,3.7561770282806615
177.0,0.0,3.7460094761758143,665.09957743378,135936.0,0.6196721311475409,0.5895765472312704,354.0,3.763099888090082
178.0,0.0,3.748214162004245,669.2646642397312,136704.0,0.6199453551912568,0.5906623235613464,356.0,3.7700631183993867
179.0,0.0,3.75069266509138,673.4833098629829,137472.0,0.6202185792349727,0.5895765472312704,358.0,3.777087371546705
180.0,0.0,3.7534417371075044,677.7557154957187,138240.0,0.6185792349726776,0.5884907709011944,360.0,3.7841634511383835
181.0,0.0,3.7564583906030595,682.0822219025888,139008.0,0.6185792349726776,0.5884907709011944,362.0,3.791296271681025
182.0,0.0,3.7597398891210285,686.4630977374657,139776.0,0.6177595628415301,0.5852334419109664,364.0,3.7984943352362404
183.0,0.0,3.763283111557656,690.8985210926364,140544.0,0.6169398907103825,0.5852334419109664,366.0,3.8057302728226943
184.0,0.0,3.7670852190412463,695.3888395145423,141312.0,0.6169398907103825,0.5852334419109664,368.0,3.81302514683298
185.0,0.0,3.771143461442009,699.934241219001,142080.0,0.6158469945355192,0.5863192182410424,370.0,3.820370698654783
186.0,0.0,3.775454910621128,704.5349855320587,142848.0,0.6155737704918033,0.5863192182410424,372.0,3.827778768781223
187.0,0.0,3.780016871706719,709.1913244862542,143616.0,0.6153005464480874,0.5852334419109664,374.0,3.835242982266915
188.0,0.0,3.7848266685532987,713.9035028897861,144384.0,0.6147540983606558,0.5852334419109664,376.0,3.8427519700573214
189.0,0.0,3.7898812671456588,718.6716160912729,145152.0,0.6144808743169399,0.5852334419109664,378.0,3.8503185226242276
190.0,0.0,3.7951773935878164,723.4957934720974,145920.0,0.6136612021857923,0.5852334419109664,380.0,3.857925236485662
191.0,0.0,3.8007126410324434,728.376435402296,146688.0,0.6136612021857923,0.5852334419109664,382.0,3.8656005968327674
192.0,0.0,3.8064843746213555,733.3135644523045,147456.0,0.6136612021857923,0.5852334419109664,384.0,3.8733042570345995
193.0,0.0,3.8124900627928784,738.3075997857466,148224.0,0.6136612021857923,0.5852334419109664,386.0,3.8810841689063222
194.0,0.0,3.8187273744073598,743.358621484309,148992.0,0.6139344262295082,0.5852334419109664,388.0,3.888894751353094
195.0,0.0,3.8251934689937857,748.4668314232674,149760.0,0.6158469945355192,0.5863192182410424,390.0,3.896764191945059
196.0,0.0,3.831885486901247,753.6322794420214,150528.0,0.6158469945355192,0.5863192182410424,392.0,3.904686327334376
197.0,0.0,3.8388008411845527,758.8552519846924,151296.0,0.6153005464480874,0.5874049945711184,394.0,3.9126408106462356
198.0,0.0,3.8459372596125943,764.1359028218949,152064.0,0.614207650273224,0.5874049945711184,396.0,3.920652120157187
199.0,0.0,3.8532923927097102,769.4744694765698,152832.0,0.6144808743169399,0.5874049945711184,398.0,3.9287241836132702
200.0,0.0,3.860863712029671,774.8710153352986,153600.0,0.6144808743169399,0.5874049945711184,400.0,3.936820304951771
