t,n_grads,f,f_avg,trans_bits,train_accuracy,test_accuracy,comm_rounds,var_error
0.0,0.0,4.176120939380953,4.176120939380953,0.0,0.3882513661202186,0.4147665580890337,0.0,3.4374365539589493
1.0,0.0,12.483821011556152,16.6154001443504,0.0,0.3882513661202186,0.4147665580890337,2.0,3.432947893986599
2.0,0.0,10.351244535130881,24.78957799617313,480.0,0.3882513661202186,0.4147665580890337,4.0,3.4285331032024673
3.0,0.0,9.610730618745281,32.87480571629856,960.0,0.3882513661202186,0.4147665580890337,6.0,3.4241838275131182
4.0,0.0,9.218242368896524,40.87113323487363,1440.0,0.3882513661202186,0.4147665580890337,8.0,3.4199086508003944
5.0,0.0,8.964986623474426,48.77873299987062,1920.0,0.3882513661202186,0.4147665580890337,10.0,3.4157016730056307
6.0,0.0,8.781371576615921,56.597725919520435,2400.0,0.3882513661202186,0.4147665580890337,12.0,3.4115636173968027
7.0,0.0,8.637564619950739,64.3281787597899,2880.0,0.3882513661202186,0.4147665580890337,14.0,3.4074902328774446
8.0,0.0,8.518650116140122,71.97022309845205,3360.0,0.3882513661202186,0.4147665580890337,16.0,3.403488647152433
9.0,0.0,8.416338908806758,79.52387726006957,3840.0,0.3882513661202186,0.4147665580890337,18.0,3.399559913990546
10.0,0.0,8.325663155433878,86.989385848608,4320.0,0.3882513661202186,0.4147665580890337,20.0,3.395703019552721
11.0,0.0,8.243465689033842,94.36685931013655,4800.0,0.3882513661202186,0.4147665580890337,22.0,3.391920058459574
12.0,0.0,8.167636681304009,101.65642104115965,5280.0,0.3882513661202186,0.4147665580890337,24.0,3.3882088834758233
13.0,0.0,8.09672062779891,108.85831528161201,5760.0,0.3882513661202186,0.4147665580890337,26.0,3.3845721814717433
14.0,0.0,8.02967556718505,115.97260059956942,6240.0,0.3882513661202186,0.4147665580890337,28.0,3.381005101016168
15.0,0.0,7.965735209341345,122.99945568067092,6720.0,0.3882513661202186,0.4147665580890337,30.0,3.3775114312418406
16.0,0.0,7.904329852198788,129.93909958969027,7200.0,0.3882513661202186,0.4147665580890337,32.0,3.374092207618007
17.0,0.0,7.845023051173151,136.7916841501969,7680.0,0.3882513661202186,0.4147665580890337,34.0,3.3707446543609487
18.0,0.0,7.787467172606467,143.55713406363594,8160.0,0.3882513661202186,0.4147665580890337,36.0,3.3674678624303853
19.0,0.0,7.731392185969554,150.2357690032071,8640.0,0.3882513661202186,0.4147665580890337,38.0,3.364263401432519
20.0,0.0,7.676588215707153,156.827759625079,9120.0,0.3882513661202186,0.4147665580890337,40.0,3.3611411411814354
21.0,0.0,7.622883174933528,163.33333372212917,9600.0,0.3882513661202186,0.4147665580890337,42.0,3.358083303034995
22.0,0.0,7.570138246857372,169.7527491395952,10080.0,0.3882513661202186,0.4147665580890337,44.0,3.3551047643007452
23.0,0.0,7.518234461054375,176.08603606890603,10560.0,0.3882513661202186,0.4147665580890337,46.0,3.3522013651326796
24.0,0.0,7.467073944542951,182.33351326915562,11040.0,0.3882513661202186,0.4147665580890337,48.0,3.3493724631618638
25.0,0.0,7.416577048101426,188.49533913591569,11520.0,0.3882513661202186,0.4147665580890337,50.0,3.3466143932485983
26.0,0.0,7.366672199748269,194.57161525099428,12000.0,0.3882513661202186,0.4147665580890337,52.0,3.343925324737509
27.0,0.0,7.317301147872449,200.56264673411795,12480.0,0.3882513661202186,0.4147665580890337,54.0,3.341314092871068
28.0,0.0,7.268417166364649,206.46871458230237,12960.0,0.3882513661202186,0.4147665580890337,56.0,3.33878821975567
29.0,0.0,7.21997999040494,212.29012486118415,13440.0,0.3882513661202186,0.4147665580890337,58.0,3.3363321625104856
30.0,0.0,7.1719535360766375,218.02708730341408,13920.0,0.3882513661202186,0.4147665580890337,60.0,3.3339489977471644
31.0,0.0,7.124307630228791,223.67998577077094,14400.0,0.3882513661202186,0.4147665580890337,62.0,3.331640431097276
32.0,0.0,7.0770146490786745,229.24895177026423,14880.0,0.3882513661202186,0.4147665580890337,64.0,3.329399189461213
33.0,0.0,7.0300519192214415,234.73447489835092,15360.0,0.3882513661202186,0.4147665580890337,66.0,3.3272421818541673
34.0,0.0,6.983402584116283,240.1369008215563,15840.0,0.3882513661202186,0.4147665580890337,68.0,3.325163946833315
35.0,0.0,6.937048968323331,245.45652696107686,16320.0,0.3882513661202186,0.4147665580890337,70.0,3.323156194790374
36.0,0.0,6.890975383829451,250.6937006746436,16800.0,0.3882513661202186,0.4147665580890337,72.0,3.321231314149211
37.0,0.0,6.845168407139701,255.84876145369424,17280.0,0.3882513661202186,0.4147665580890337,74.0,3.3193890876695136
38.0,0.0,6.79961694209896,260.9221261458267,17760.0,0.3882513661202186,0.4147665580890337,76.0,3.317617700591457
39.0,0.0,6.7543128691153305,265.914277645169,18240.0,0.3882513661202186,0.4147665580890337,78.0,3.315928344132856
40.0,0.0,6.709248186112975,270.825577243869,18720.0,0.3882513661202186,0.4147665580890337,80.0,3.3143066720291214
41.0,0.0,6.664415879581547,275.65652488181786,19200.0,0.3882513661202186,0.4147665580890337,82.0,3.312760929042424
42.0,0.0,6.619811440860097,280.40763615043033,19680.0,0.3882513661202186,0.4147665580890337,84.0,3.3112948782994915
43.0,0.0,6.5754301705117175,285.0793585135774,20160.0,0.3882513661202186,0.4147665580890337,86.0,3.3099127068183725
44.0,0.0,6.53126712766433,289.6721487208837,20640.0,0.3882513661202186,0.4147665580890337,88.0,3.3085937362346876
45.0,0.0,6.48731911880886,294.18657197191374,21120.0,0.3882513661202186,0.4147665580890337,90.0,3.3073671218613874
46.0,0.0,6.443585410217175,298.62328576806635,21600.0,0.3882513661202186,0.4147665580890337,92.0,3.3062143998254463
47.0,0.0,6.400064221869486,302.9827510876653,22080.0,0.3882513661202186,0.4147665580890337,94.0,3.3051311634155307
48.0,0.0,6.356753434094809,307.2655785854364,22560.0,0.3882513661202186,0.4147665580890337,96.0,3.304137330548619
49.0,0.0,6.313653835445064,311.47249728817985,23040.0,0.3882513661202186,0.4147665580890337,98.0,3.303209153636881
50.0,0.0,6.270766069509149,315.604109662735,23520.0,0.3882513661202186,0.4147665580890337,100.0,3.302359161438171
51.0,0.0,6.228090494147682,319.66112074032856,24000.0,0.3882513661202186,0.4147665580890337,102.0,3.3016029639158533
52.0,0.0,6.185629763234444,323.6443746360536,24480.0,0.3882513661202186,0.4147665580890337,104.0,3.300910647964865
53.0,0.0,6.143384801228426,327.5544142941595,24960.0,0.3882513661202186,0.4147665580890337,106.0,3.300277929177819
54.0,0.0,6.1013575621746226,331.39220242069973,25440.0,0.41147540983606556,0.43539630836047777,108.0,3.299757807225512
55.0,0.0,6.059549990226459,335.15829650421074,25920.0,0.41202185792349727,0.43539630836047777,110.0,3.2993121627935387
56.0,0.0,6.0179639249439,338.8536630895061,26400.0,0.4139344262295082,0.43431053203040176,112.0,3.2989233570823218
57.0,0.0,5.976605775109477,342.47939527297433,26880.0,0.4158469945355191,0.43431053203040176,114.0,3.2986252001565397
58.0,0.0,5.935478607226702,346.03612316532303,27360.0,0.4155737704918033,0.4364820846905538,116.0,3.298396921809819
59.0,0.0,5.894584939433535,349.524899687834,27840.0,0.41857923497267757,0.4375678610206297,118.0,3.2982440844580165
60.0,0.0,5.853926450717696,352.94627439828946,28320.0,0.4204918032786885,0.44191096634093374,120.0,3.298212683684975
61.0,0.0,5.813509444449837,356.30187782459063,28800.0,0.4215846994535519,0.44408251900108575,122.0,3.298245483068417
62.0,0.0,5.773340134409131,359.59229884214164,29280.0,0.4245901639344262,0.4495114006514658,124.0,3.2983321260935066
63.0,0.0,5.7334194156856695,362.81854753425273,29760.0,0.4275956284153005,0.4495114006514658,126.0,3.2985698270728663
64.0,0.0,5.6937523328638076,365.98175107231464,30240.0,0.4306010928961749,0.4538545059717698,128.0,3.298799330160818
65.0,0.0,5.6543435799519335,369.08291432143676,30720.0,0.4346994535519126,0.46145494028230183,130.0,3.299133610747837
66.0,0.0,5.615199180811966,372.12337754574276,31200.0,0.4390710382513661,0.46471226927252984,132.0,3.299490166036205
67.0,0.0,5.576325676993911,375.1042631714414,31680.0,0.4453551912568306,0.4733984799131379,134.0,3.3000274859480943
68.0,0.0,5.537735158929677,378.0277184429947,32160.0,0.45081967213114754,0.4766558089033659,136.0,3.3006022903184564
69.0,0.0,5.499428286563693,380.8933851027949,32640.0,0.4603825136612022,0.48751357220412594,138.0,3.3011710931866256
70.0,0.0,5.461406278064579,383.70349382624613,33120.0,0.4704918032786885,0.496199782844734,140.0,3.3018615495834935
71.0,0.0,5.423679132475639,386.4589429852947,33600.0,0.48114754098360657,0.50814332247557,142.0,3.3027390605739395
72.0,0.0,5.3862538328891665,389.1616089507453,34080.0,0.4887978142076503,0.5168295331161781,144.0,3.303618663132223
73.0,0.0,5.349135920247003,391.8122354053171,34560.0,0.4961748633879781,0.5244299674267101,146.0,3.3045895105378147
74.0,0.0,5.312330359931396,394.4126578645295,35040.0,0.5010928961748634,0.5320304017372421,148.0,3.3056200736307013
75.0,0.0,5.275845033678615,396.9640971872627,35520.0,0.5114754098360655,0.5396308360477742,150.0,3.3065958917927776
76.0,0.0,5.239683366787487,399.46777456443533,36000.0,0.5210382513661203,0.5439739413680782,152.0,3.3077819837118185
77.0,0.0,5.203852890542863,401.92557057916554,36480.0,0.5278688524590164,0.5504885993485342,154.0,3.3090805490797903
78.0,0.0,5.168362222746586,404.33893616930186,36960.0,0.5382513661202186,0.5591748099891423,156.0,3.3103601792425223
79.0,0.0,5.133215306314599,406.7090822284048,37440.0,0.5513661202185792,0.5602605863192183,158.0,3.311719845501637
80.0,0.0,5.098418626186206,409.0378979613881,37920.0,0.5644808743169399,0.5591748099891423,160.0,3.313206056163855
81.0,0.0,5.063975133476231,411.32607366176137,38400.0,0.569672131147541,0.5667752442996743,162.0,3.314688785148939
82.0,0.0,5.029890922104466,413.57603756337096,38880.0,0.5904371584699454,0.6015200868621065,164.0,3.3163617265202956
83.0,0.0,4.996174414088238,415.78891517527654,39360.0,0.5975409836065574,0.6134636264929425,166.0,3.3181255716994293
84.0,0.0,4.962827069919011,417.96603257111735,39840.0,0.6062841530054645,0.6232356134636265,168.0,3.3199671091884064
85.0,0.0,4.929857827262589,420.1097980635228,40320.0,0.6120218579234973,0.6232356134636265,170.0,3.3219317341069416
86.0,0.0,4.897274093671776,422.2213460480226,40800.0,0.6243169398907104,0.6362649294245385,172.0,3.3238497834348664
87.0,0.0,4.865078854374149,424.30237461307934,41280.0,0.6368852459016393,0.6427795874049945,174.0,3.3258475793438054
88.0,0.0,4.833275707509356,426.35414990856736,41760.0,0.6480874316939891,0.6525515743756786,176.0,3.32801779774593
89.0,0.0,4.801867394167428,428.3782462532348,42240.0,0.6527322404371585,0.6558089033659066,178.0,3.3302734590803067
90.0,0.0,4.770859615459759,430.3764845295218,42720.0,0.6598360655737705,0.6579804560260586,180.0,3.3325723693254767
91.0,0.0,4.74025758208482,432.35039540991545,43200.0,0.6658469945355191,0.6644951140065146,182.0,3.3349914108318046
92.0,0.0,4.7100655898214,434.3016731172221,43680.0,0.673224043715847,0.6699239956568946,184.0,3.3374269800111906
93.0,0.0,4.680288580198536,436.2320027997057,44160.0,0.6781420765027323,0.6710097719869706,186.0,3.339957507438336
94.0,0.0,4.650930932157765,438.1430124459541,44640.0,0.6816939890710383,0.6786102062975027,188.0,3.3425310300653845
95.0,0.0,4.621995113999532,440.03605921395695,45120.0,0.6830601092896175,0.6753528773072747,190.0,3.3452457736307606
96.0,0.0,4.593482303544008,441.91254306649273,45600.0,0.6852459016393443,0.6818675352877307,192.0,3.3479681227540445
97.0,0.0,4.56539471077873,443.7740308245808,46080.0,0.687431693989071,0.6796959826275787,194.0,3.350764014020984
98.0,0.0,4.537735702766731,445.62216691769845,46560.0,0.6860655737704918,0.6829533116178067,196.0,3.353613211496781
99.0,0.0,4.5105081465542165,447.45844610003644,47040.0,0.6907103825136612,0.6851248642779587,198.0,3.356565507753182
100.0,0.0,4.4837134880669405,449.2842515133517,47520.0,0.6942622950819672,0.6851248642779587,200.0,3.359589313878096
101.0,0.0,4.457353891711698,451.1012346124112,48000.0,0.6975409836065574,0.6807817589576547,202.0,3.3626875378953214
102.0,0.0,4.431432007575376,452.91089493296545,48480.0,0.6989071038251367,0.6818675352877307,204.0,3.3659143402761575
103.0,0.0,4.4059497099192795,454.7147453104061,48960.0,0.7008196721311475,0.6862106406080347,206.0,3.3692002298779444
104.0,0.0,4.380907889783075,456.5140957644736,49440.0,0.7032786885245902,0.6872964169381107,208.0,3.372533331641961
105.0,0.0,4.35630721407957,458.31041919223617,49920.0,0.7057377049180328,0.6883821932681867,210.0,3.375904124294118
106.0,0.0,4.33214831598374,460.1050237963166,50400.0,0.7068306010928962,0.6905537459283387,212.0,3.379363922587347
107.0,0.0,4.3084314590765,461.8993084460544,50880.0,0.7068306010928962,0.6959826275787188,214.0,3.382896579861787
108.0,0.0,4.285157338835203,463.69467674234954,51360.0,0.7046448087431694,0.6970684039087948,216.0,3.386526141991069
109.0,0.0,4.262326549785919,465.4925111109808,51840.0,0.7046448087431694,0.6872964169381107,218.0,3.3902638686507265
110.0,0.0,4.239939239585979,467.2941215979347,52320.0,0.6991803278688524,0.6818675352877307,220.0,3.394056800537487
111.0,0.0,4.217995028432116,469.10077471399507,52800.0,0.6997267759562842,0.6807817589576547,222.0,3.3978887109189477
112.0,0.0,4.196493507772501,470.9137710270452,53280.0,0.6961748633879782,0.6796959826275787,224.0,3.4017963195970395
113.0,0.0,4.175433952617292,472.7343022644628,53760.0,0.6953551912568307,0.6764386536373507,226.0,3.4057163796938528
114.0,0.0,4.154815083813124,474.56353684492944,54240.0,0.6926229508196722,0.6753528773072747,228.0,3.4096875101422564
115.0,0.0,4.134636666767461,476.40289651158673,54720.0,0.6868852459016394,0.6720955483170467,230.0,3.413831645151706
116.0,0.0,4.114898151546675,478.2534746472418,55200.0,0.6871584699453552,0.6720955483170467,232.0,3.418040037376257
117.0,0.0,4.095597846059008,480.11642133056614,55680.0,0.6860655737704918,0.6720955483170467,234.0,3.422247479448031
118.0,0.0,4.076734533656624,481.992928612397,56160.0,0.6877049180327869,0.6731813246471227,236.0,3.4265613816376335
119.0,0.0,4.058307680391997,483.8842993208982,56640.0,0.6860655737704918,0.6775244299674267,238.0,3.4309833465848616
120.0,0.0,4.040315531644467,485.7914282737738,57120.0,0.683879781420765,0.6753528773072747,240.0,3.4355097172175997
121.0,0.0,4.022756142507063,487.71555821293543,57600.0,0.6827868852459016,0.6742671009771987,242.0,3.440137879940234
122.0,0.0,4.005628172102614,489.6577157801023,58080.0,0.6811475409836065,0.6720955483170467,244.0,3.4447143898478
123.0,0.0,3.9889297986286687,491.6190146825502,58560.0,0.680327868852459,0.6688382193268186,246.0,3.449428691442156
124.0,0.0,3.972659325451117,493.6004980293268,59040.0,0.6773224043715848,0.6688382193268186,248.0,3.4541901215515645
125.0,0.0,3.9568140175772393,495.603006364983,59520.0,0.6759562841530055,0.6677524429967426,250.0,3.458928848660751
126.0,0.0,3.9413910186448593,497.6275303335216,60000.0,0.6770491803278689,0.6634093376764386,252.0,3.463713140292024
127.0,0.0,3.9263877832055565,499.6749666006898,60480.0,0.676775956284153,0.6634093376764386,254.0,3.468518683129312
128.0,0.0,3.911801592358639,501.7462410431218,60960.0,0.6762295081967213,0.6655808903365906,256.0,3.4735091910274623
129.0,0.0,3.8976299226222113,503.84227899340874,61440.0,0.6759562841530055,0.6677524429967426,258.0,3.4785161519612564
130.0,0.0,3.883870449150904,505.96403778582624,61920.0,0.6751366120218579,0.6677524429967426,260.0,3.483647804203897
131.0,0.0,3.870521023172398,508.11247028534206,62400.0,0.6715846994535519,0.6666666666666666,262.0,3.488792979189473
132.0,0.0,3.8575786036486797,510.28828107790935,62880.0,0.6699453551912569,0.6623235613463626,264.0,3.493940885890621
133.0,0.0,3.845040122788331,512.4923915837867,63360.0,0.6683060109289618,0.6590662323561346,266.0,3.4991874156855323
134.0,0.0,3.8329033627019524,514.7257096203366,63840.0,0.6666666666666666,0.6568946796959826,268.0,3.5045746510516027
135.0,0.0,3.821165421404574,516.9889541588984,64320.0,0.6655737704918033,0.6558089033659066,270.0,3.5100610504066045
136.0,0.0,3.8098230523543806,519.2829160814931,64800.0,0.6636612021857924,0.6536373507057546,272.0,3.515544015464151
137.0,0.0,3.7988740613539176,521.6085767294803,65280.0,0.6628415300546449,0.6568946796959826,274.0,3.5211211136998766
138.0,0.0,3.788316205766878,523.966696062178,65760.0,0.6631147540983606,0.6536373507057546,276.0,3.526779185543853
139.0,0.0,3.7781456005123473,526.3577808802545,66240.0,0.6628415300546449,0.6558089033659066,278.0,3.5324592152763223
140.0,0.0,3.7683593659271772,528.7828415793551,66720.0,0.6612021857923497,0.6536373507057546,280.0,3.538222041578934
141.0,0.0,3.758954846901432,531.2424252468486,67200.0,0.6617486338797814,0.6514657980456026,282.0,3.544038211960712
142.0,0.0,3.7499277747221695,533.7370627742475,67680.0,0.6617486338797814,0.6492942453854506,284.0,3.5498699259035846
143.0,0.0,3.7412739481805897,536.2672864054011,68160.0,0.6598360655737705,0.6460369163952225,286.0,3.555823309191734
144.0,0.0,3.732990736713919,538.8340457682075,68640.0,0.6592896174863389,0.6471226927252985,288.0,3.5618159033403436
145.0,0.0,3.72507674590352,541.4382105438133,69120.0,0.6579234972677596,0.6482084690553745,290.0,3.567902027484731
146.0,0.0,3.7175288317811823,544.0802083362919,69600.0,0.655464480874317,0.6460369163952225,292.0,3.574046484813487
147.0,0.0,3.7103423313038095,546.7604370670281,70080.0,0.6549180327868852,0.6460369163952225,294.0,3.58023971235265
148.0,0.0,3.703514974449407,549.4799953699965,70560.0,0.6532786885245901,0.6438653637350705,296.0,3.5866231358089595
149.0,0.0,3.6970441773463807,552.239169479225,71040.0,0.6524590163934426,0.6406080347448425,298.0,3.592923761869869
150.0,0.0,3.6909259620641546,555.0386191400214,71520.0,0.651912568306011,0.6373507057546145,300.0,3.5992139372392367
151.0,0.0,3.6851576536958124,557.8789922761139,72000.0,0.6491803278688525,0.6351791530944625,302.0,3.605767778946639
152.0,0.0,3.679734771605806,560.7603782920512,72480.0,0.6478142076502732,0.6319218241042345,304.0,3.6122533811685784
153.0,0.0,3.674654811682078,563.6839940826646,72960.0,0.644808743169399,0.6254071661237784,306.0,3.618790389668846
154.0,0.0,3.6699173443585487,566.6505479797684,73440.0,0.6439890710382513,0.6264929424538545,308.0,3.625469735905186
155.0,0.0,3.6655178743386445,569.6599930652114,73920.0,0.6431693989071038,0.6275787187839305,310.0,3.6321585315027427
156.0,0.0,3.661452024101823,572.7130384545574,74400.0,0.6412568306010928,0.6264929424538545,312.0,3.6389457720069394
157.0,0.0,3.6577179804389086,575.8104074032599,74880.0,0.6409836065573771,0.6254071661237784,314.0,3.6457910246399683
158.0,0.0,3.654312401261675,578.9523113954294,75360.0,0.6404371584699453,0.6254071661237784,316.0,3.6526690319280353
159.0,0.0,3.651232484481444,582.1396186696697,75840.0,0.6396174863387978,0.6243213897937026,318.0,3.659597649011877
160.0,0.0,3.648474911101231,585.3723528827243,76320.0,0.6368852459016393,0.6210640608034745,320.0,3.666574178971759
161.0,0.0,3.6460355488323177,588.6510938412821,76800.0,0.6352459016393442,0.6156351791530945,322.0,3.673769746481151
162.0,0.0,3.6439090607279563,591.9754418345758,77280.0,0.6344262295081967,0.6156351791530945,324.0,3.680776934678103
163.0,0.0,3.642093276668016,595.3469663591975,77760.0,0.6325136612021858,0.6167209554831705,326.0,3.687881142190512
164.0,0.0,3.6405874224714263,598.7657082114304,78240.0,0.6311475409836066,0.6134636264929425,328.0,3.6950871708948596
165.0,0.0,3.6393872419677833,602.2320816379381,78720.0,0.6289617486338798,0.6123778501628665,330.0,3.702359575937623
166.0,0.0,3.638489881315007,605.7465589586443,79200.0,0.6243169398907104,0.6069489685124865,332.0,3.709662470835814
167.0,0.0,3.6378924820245424,609.3095300375528,79680.0,0.6240437158469946,0.6058631921824105,334.0,3.7170516832934477
168.0,0.0,3.6375908202920924,612.9209855805902,80160.0,0.6234972677595628,0.6047774158523345,336.0,3.724447426451415
169.0,0.0,3.63758218112561,616.581791639866,80640.0,0.6224043715846994,0.6036916395222585,338.0,3.7319658006695233
170.0,0.0,3.6378638318348657,620.2919111839883,81120.0,0.6210382513661202,0.5993485342019544,340.0,3.7394738180796576
171.0,0.0,3.638433329788114,624.0522876035468,81600.0,0.6196721311475409,0.5993485342019544,342.0,3.7471007819074997
172.0,0.0,3.639289125825576,627.8631716804514,82080.0,0.6193989071038252,0.5993485342019544,344.0,3.754729805399456
173.0,0.0,3.6404281746292084,631.7249767412547,82560.0,0.6188524590163934,0.5960912052117264,346.0,3.762462957505273
174.0,0.0,3.6418482612498253,635.6382181736844,83040.0,0.6183060109289618,0.5939196525515744,348.0,3.7702486611452084
175.0,0.0,3.643546474468843,639.6030478904106,83520.0,0.6163934426229508,0.5917480998914224,350.0,3.7780761544727577
176.0,0.0,3.645517351445313,643.6190598183396,84000.0,0.6158469945355192,0.5917480998914224,352.0,3.7859283297080704
177.0,0.0,3.6477565727598766,647.6867669386568,84480.0,0.6147540983606558,0.5906623235613464,354.0,3.7937918309962835
178.0,0.0,3.6502622518868657,651.8065947330674,84960.0,0.6147540983606558,0.5906623235613464,356.0,3.8017254358207837
179.0,0.0,3.653032240665207,655.9789474250767,85440.0,0.614207650273224,0.5906623235613464,358.0,3.809728248842262
180.0,0.0,3.656063432535843,660.2038882878269,85920.0,0.6131147540983607,0.5906623235613464,360.0,3.817794203144469
181.0,0.0,3.659353008788664,664.4819008936695,86400.0,0.6114754098360655,0.5895765472312704,362.0,3.825908362446764
182.0,0.0,3.6628986787523954,668.8132181722024,86880.0,0.610655737704918,0.5895765472312704,364.0,3.833998816673284
183.0,0.0,3.6666985792348465,673.1984618277515,87360.0,0.6098360655737705,0.5895765472312704,366.0,3.8421795066716986
184.0,0.0,3.6707499837644697,677.6375321975734,87840.0,0.6090163934426229,0.5884907709011944,368.0,3.850332479220253
185.0,0.0,3.6750510219255528,682.1313459148812,88320.0,0.6081967213114754,0.5895765472312704,370.0,3.8586122226795045
186.0,0.0,3.6795996726281537,686.679732302792,88800.0,0.6076502732240437,0.5895765472312704,372.0,3.867017646965303
187.0,0.0,3.6843917855131867,691.2827954791398,89280.0,0.607103825136612,0.5895765472312704,374.0,3.8755201004627575
188.0,0.0,3.689424988169518,695.9410000725989,89760.0,0.6049180327868853,0.5895765472312704,376.0,3.883863805965458
189.0,0.0,3.69469769440501,700.6547284124949,90240.0,0.6133879781420765,0.5939196525515744,378.0,3.8922694833953164
190.0,0.0,3.7002079657647777,705.4242985781207,90720.0,0.6133879781420765,0.5939196525515744,380.0,3.900839843332034
191.0,0.0,3.7059524970362885,710.2495552897415,91200.0,0.6131147540983607,0.5939196525515744,382.0,3.9094665659950425
192.0,0.0,3.7119274809521507,715.1305973958845,91680.0,0.6125683060109289,0.5928338762214984,384.0,3.918047655733843
193.0,0.0,3.718129833734246,720.0675184255344,92160.0,0.6112021857923498,0.5928338762214984,386.0,3.9267124579970245
194.0,0.0,3.7245584641457734,725.0611656630256,92640.0,0.6112021857923498,0.5928338762214984,388.0,3.9355073353087078
195.0,0.0,3.7312118260137597,730.1114464823406,93120.0,0.6112021857923498,0.5928338762214984,390.0,3.944233654266808
196.0,0.0,3.7380861746274188,735.2183339716075,93600.0,0.6112021857923498,0.5928338762214984,392.0,3.952989967367166
197.0,0.0,3.7451795370053116,740.3824036084852,94080.0,0.6109289617486339,0.5928338762214984,394.0,3.961860009692657
198.0,0.0,3.752490219662846,745.6037233780019,94560.0,0.6109289617486339,0.5917480998914224,396.0,3.970748800773709
199.0,0.0,3.7600145716396267,750.8820761345696,95040.0,0.6112021857923498,0.5917480998914224,398.0,3.9797398234262027
200.0,0.0,3.767751864621951,756.2186697142108,95520.0,0.6112021857923498,0.5906623235613464,400.0,3.988710036562365
