t,n_grads,f,f_avg,trans_bits,train_accuracy,test_accuracy,comm_rounds,var_error
0.0,3660.0,4.211927128609104,4.211927128609104,0.0,0.3882513661202186,0.4147665580890337,0.0,3.442879937469236
1.0,7320.0,12.52256072040855,16.62126718359889,3712.0,0.3882513661202186,0.4147665580890337,2.0,3.435944152500107
2.0,10980.0,10.302480952975012,24.58865662830116,7424.0,0.3882513661202186,0.4147665580890337,4.0,3.429077185601135
3.0,14640.0,9.485886016033328,32.326659467898814,11136.0,0.3882513661202186,0.4147665580890337,6.0,3.4223510863313766
4.0,18300.0,9.020359188196517,39.83621403767332,14848.0,0.3882513661202186,0.4147665580890337,8.0,3.4157698433663315
5.0,21960.0,8.695463472981752,47.11842069214419,18560.0,0.3882513661202186,0.4147665580890337,10.0,3.4093347266682503
6.0,25620.0,8.441079487225782,54.17453315456519,22272.0,0.3882513661202186,0.4147665580890337,12.0,3.403046512221746
7.0,29280.0,8.22717971709345,61.005982884743126,25984.0,0.3882513661202186,0.4147665580890337,14.0,3.3969059332694354
8.0,32940.0,8.038774189624679,67.61440414925174,29696.0,0.3882513661202186,0.4147665580890337,16.0,3.390913634060705
9.0,36600.0,7.867559316651924,74.00166355048289,33408.0,0.3882513661202186,0.4147665580890337,18.0,3.385070175451963
10.0,40260.0,7.708577732465796,80.16989109883302,37120.0,0.3882513661202186,0.4147665580890337,20.0,3.379375998143683
11.0,43920.0,7.558700189882338,86.12151307857842,40832.0,0.3882513661202186,0.4147665580890337,22.0,3.3738313925949712
12.0,47580.0,7.415866606241557,91.85928547121894,44544.0,0.3882513661202186,0.4147665580890337,24.0,3.3684364581524577
13.0,51240.0,7.278677400541525,97.38632694286072,48256.0,0.3882513661202186,0.4147665580890337,26.0,3.363191059252683
14.0,54900.0,7.146159887209038,102.70614989899234,51968.0,0.3882513661202186,0.4147665580890337,28.0,3.358094776621706
15.0,58560.0,7.017627928549606,107.82268795749586,55680.0,0.3882513661202186,0.4147665580890337,30.0,3.353146856249174
16.0,62220.0,6.892593935413363,112.74031797573177,59392.0,0.3882513661202186,0.4147665580890337,32.0,3.3483461576564713
17.0,65880.0,6.770711550137707,117.46387472895027,63104.0,0.3882513661202186,0.4147665580890337,34.0,3.3436911042910475
18.0,69540.0,6.651736976328937,121.99865641889149,66816.0,0.3882513661202186,0.4147665580890337,36.0,3.3391796389079507
19.0,73200.0,6.535501996661286,126.35041945423737,70528.0,0.3882513661202186,0.4147665580890337,38.0,3.334809187128117
20.0,76860.0,6.421894520632182,130.5253613710499,74240.0,0.3882513661202186,0.4147665580890337,40.0,3.330576632202617
21.0,80520.0,6.3108441122098,134.53009134176168,77952.0,0.41174863387978144,0.43539630836047777,42.0,3.3264783036799472
22.0,84180.0,6.202310903488538,138.371588411734,81664.0,0.41366120218579233,0.43431053203040176,44.0,3.3225099820236537
23.0,87840.0,6.0962768860828,142.05714834807478,85376.0,0.41775956284153004,0.43539630836047777,46.0,3.318666920369359
24.0,91500.0,5.992738938824464,145.5943207154995,89088.0,0.42131147540983604,0.4386536373507057,48.0,3.314943883567683
25.0,95160.0,5.8917031829972295,148.99083843436196,92800.0,0.42295081967213116,0.44299674267100975,50.0,3.311335203531644
26.0,98820.0,5.793180403665103,152.25454255622336,96512.0,0.43005464480874317,0.4527687296416938,52.0,3.307834848790104
27.0,102480.0,5.697182366938417,155.3933052584512,100224.0,0.4341530054644809,0.4592833876221498,54.0,3.304436505165788
28.0,106140.0,5.603718916811412,158.4149540829879,103936.0,0.44153005464480877,0.4744842562432139,56.0,3.301133663762527
29.0,109800.0,5.512795764003189,161.3272002291971,107648.0,0.4521857923497268,0.4820846905537459,58.0,3.297919712053785
30.0,113460.0,5.424412892012187,164.13757329153412,111360.0,0.46202185792349726,0.496199782844734,60.0,3.2947880238565737
31.0,117120.0,5.33856350904136,166.85336426903018,115072.0,0.47759562841530057,0.511400651465798,62.0,3.291732044336703
32.0,120780.0,5.2552334735351165,169.48157803721728,118784.0,0.4926229508196721,0.5244299674267101,64.0,3.2887453668532656
33.0,124440.0,5.174401119287701,172.02889583577098,122496.0,0.5040983606557377,0.5320304017372421,66.0,3.285821799305525
34.0,128100.0,5.0960374056289925,174.5016477470005,126208.0,0.5169398907103825,0.5428881650380022,68.0,3.2829554185735628
35.0,131760.0,5.020106320146743,176.90579466327154,129920.0,0.5226775956284153,0.5537459283387622,70.0,3.2801406125355563
36.0,135420.0,4.946565465976331,179.24691888702432,133632.0,0.5344262295081967,0.5570032573289903,72.0,3.277372109915152
37.0,139080.0,4.875366772504788,181.53022227832997,137344.0,0.5592896174863388,0.5895765472312704,74.0,3.2746449988125517
38.0,142740.0,4.806457276701563,183.76053075098883,141056.0,0.5674863387978142,0.5971769815418024,76.0,3.2719547351851777
39.0,146400.0,4.739779931415641,185.94230389943118,144768.0,0.5778688524590164,0.5971769815418024,78.0,3.269297142777247
40.0,150060.0,4.675274406140954,188.0796485918451,148480.0,0.5868852459016394,0.5971769815418024,80.0,3.2666684060784488
41.0,153720.0,4.612877854374932,190.17633546689927,152192.0,0.5934426229508196,0.6026058631921825,82.0,3.2640650578548702
42.0,157380.0,4.552525629388064,192.23581740169806,155904.0,0.6027322404371585,0.6047774158523345,84.0,3.261483962676384
43.0,161040.0,4.49415193677201,194.26124916069477,159616.0,0.6079234972677595,0.6221498371335505,86.0,3.2589222976963956
44.0,164700.0,4.437690417473413,196.2555075769656,163328.0,0.6158469945355192,0.6297502714440825,88.0,3.2563775317488624
45.0,168360.0,4.383074659191141,198.2212117502371,167040.0,0.6243169398907104,0.6308360477741585,90.0,3.253847403633609
46.0,172020.0,4.330238637126803,200.1607428654288,170752.0,0.6300546448087432,0.6275787187839305,92.0,3.2513299002777485
47.0,175680.0,4.279117087279528,202.0762633388468,174464.0,0.6336065573770492,0.6308360477741585,94.0,3.2488232352964745
48.0,179340.0,4.229645816925807,203.96973508603065,178176.0,0.639344262295082,0.6340933767643865,96.0,3.246325828334608
49.0,183000.0,4.181761957779018,205.84293677631308,181888.0,0.6461748633879781,0.6406080347448425,98.0,3.2438362854519562
50.0,186660.0,4.135404167721472,207.6974799958341,185600.0,0.6494535519125683,0.6460369163952225,100.0,3.2413533807197763
51.0,190320.0,4.090512787065455,209.53482428484233,189312.0,0.6532786885245901,0.6471226927252985,102.0,3.238876039120339
52.0,193980.0,4.047029955128381,211.35629104850926,193024.0,0.657103825136612,0.6514657980456026,104.0,3.236403320783919
53.0,197640.0,4.004899692580387,213.1630763650117,196736.0,0.6609289617486339,0.6525515743756786,106.0,3.2339344065548863
54.0,201300.0,3.9640679546017688,214.95626273197934,200448.0,0.6622950819672131,0.6590662323561346,108.0,3.2314685848480003
55.0,204960.0,3.9244826594183126,216.73682980403504,204160.0,0.6655737704918033,0.6601520086862106,110.0,3.2290052397352373
56.0,208620.0,3.8860936962979866,218.50566418133945,207872.0,0.6693989071038251,0.6601520086862106,112.0,3.2265438401902027
57.0,212280.0,3.8488529166155434,220.2635683128325,211584.0,0.6669398907103825,0.6568946796959826,114.0,3.224083930409797
58.0,215940.0,3.812714111137439,222.01126857911044,215296.0,0.666120218579235,0.6590662323561346,116.0,3.22162512112963
59.0,219600.0,3.7776329762574496,223.7494226192686,219008.0,0.6672131147540984,0.6514657980456026,118.0,3.2191670818496907
60.0,223260.0,3.7435670715283025,225.47862596412767,222720.0,0.6669398907103825,0.6471226927252985,120.0,3.2167095338889764
61.0,226920.0,3.7104757704884657,227.19941803546516,226432.0,0.6674863387978142,0.6438653637350705,122.0,3.214252244191432
62.0,230580.0,3.678320206475691,228.91228756752054,230144.0,0.6685792349726776,0.6460369163952225,124.0,3.2117950198101455
63.0,234240.0,3.6470632148483664,230.6176775033736,233856.0,0.6683060109289618,0.6460369163952225,126.0,3.209337703001839
64.0,237900.0,3.6166692727997645,232.31598941499624,237568.0,0.6683060109289618,0.6460369163952225,128.0,3.206880166869022
65.0,241560.0,3.5871044377459227,234.0075874919737,241280.0,0.6683060109289618,0.6492942453854506,130.0,3.2044223114924764
66.0,245220.0,3.558336285092069,235.69280214017937,244992.0,0.6683060109289618,0.6525515743756786,132.0,3.201964060501938
67.0,248880.0,3.5303338460321267,237.3719332281256,248704.0,0.6674863387978142,0.6525515743756786,134.0,3.199505358037759
68.0,252540.0,3.5030675459078733,239.04525301534517,252416.0,0.6699453551912569,0.6536373507057546,136.0,3.197046166060988
69.0,256200.0,3.476509143546006,240.71300879400366,256128.0,0.6704918032786885,0.6525515743756786,138.0,3.194586461973602
70.0,259860.0,3.450631671900138,242.37542527201566,259840.0,0.6691256830601093,0.6514657980456026,140.0,3.1921262365145813
71.0,263520.0,3.425409380248266,244.0327067232381,263552.0,0.6688524590163935,0.6514657980456026,142.0,3.1896654919011542
72.0,267180.0,3.4008176781324617,245.6850389278364,267264.0,0.6699453551912569,0.6503800217155266,144.0,3.187204240187811
73.0,270840.0,3.376833081174623,247.33259092365859,270976.0,0.671311475409836,0.6525515743756786,146.0,3.1847425018186386
74.0,274500.0,3.3534331588584605,248.9755165873936,274688.0,0.6721311475409836,0.6525515743756786,148.0,3.1822803043512606
75.0,278160.0,3.3305964843321076,250.61395606242257,278400.0,0.6740437158469945,0.6514657980456026,150.0,3.17981768133297
76.0,281820.0,3.308302586256608,252.24803704858186,282112.0,0.6745901639344263,0.6525515743756786,152.0,3.177354671311899
77.0,285480.0,3.2865319027020203,253.8778759675293,285824.0,0.6740437158469945,0.6525515743756786,154.0,3.174891316967892
78.0,289140.0,3.265265737074084,255.5035790160278,289536.0,0.6756830601092896,0.6536373507057546,156.0,3.172427664349514
79.0,292800.0,3.2444862160395425,257.1252431182199,293248.0,0.6762295081967213,0.6503800217155266,158.0,3.169963762205142
80.0,296460.0,3.224176249406684,258.74295678684956,296960.0,0.6781420765027323,0.6492942453854506,160.0,3.167499661397415
81.0,300120.0,3.2043194919088602,260.3568009023858,300672.0,0.676775956284153,0.6503800217155266,162.0,3.165035414391548
82.0,303780.0,3.184900306832212,261.96684941809696,304384.0,0.6770491803278689,0.6525515743756786,164.0,3.1625710748090845
83.0,307440.0,3.1659037314241854,263.57316999831784,308096.0,0.676775956284153,0.6536373507057546,166.0,3.160106697039583
84.0,311100.0,3.1473154440163107,265.1758245964224,311808.0,0.6765027322404371,0.6547231270358306,168.0,3.1576423359036077
85.0,314760.0,3.129121732792847,266.77486997836155,315520.0,0.6762295081967213,0.6525515743756786,170.0,3.155178046361119
86.0,318420.0,3.111309466136055,268.37035819703993,319232.0,0.6765027322404371,0.6536373507057546,172.0,3.15271388326004
87.0,322080.0,3.093866064478843,269.96233702227875,322944.0,0.674863387978142,0.6536373507057546,174.0,3.1502499011203335
88.0,325740.0,3.076779473596128,271.5508503306398,326656.0,0.6751366120218579,0.6536373507057546,176.0,3.1477861539494794
89.0,329400.0,3.0600381392674225,273.13593845896145,330368.0,0.6751366120218579,0.6547231270358306,178.0,3.1453226950856807
90.0,333060.0,3.043630983244653,274.7176385250761,334080.0,0.6759562841530055,0.6536373507057546,180.0,3.14285957706555
91.0,336720.0,3.0275473804610624,276.29598471883725,337792.0,0.6762295081967213,0.6547231270358306,182.0,3.140396851513377
92.0,340380.0,3.0117771374190943,277.8710085662761,341504.0,0.6765027322404371,0.6558089033659066,184.0,3.137934569049428
93.0,344040.0,2.99631047169736,279.44273916943285,345216.0,0.6765027322404371,0.6547231270358306,186.0,3.1354727792149744
94.0,347700.0,2.9811379925191,281.01120342415794,348928.0,0.6762295081967213,0.6547231270358306,188.0,3.1330115304120456
95.0,351360.0,2.966250682326917,282.5764262179562,352640.0,0.6759562841530055,0.6547231270358306,190.0,3.1305508698560973
96.0,355020.0,2.9516398793109495,284.1384306097461,356352.0,0.6754098360655738,0.6547231270358306,192.0,3.128090843540002
97.0,358680.0,2.937297260840057,285.697237993225,360064.0,0.6745901639344263,0.6547231270358306,194.0,3.1256314962079377
98.0,362340.0,2.923214827747929,287.25286824536914,363776.0,0.6745901639344263,0.6547231270358306,196.0,3.123172871337923
99.0,366000.0,2.9093848894283814,288.80533986145036,367488.0,0.6734972677595629,0.6547231270358306,198.0,3.1207150111318644
100.0,369660.0,2.895800049696346,290.35467007781887,371200.0,0.6737704918032786,0.6536373507057546,200.0,3.118257956512152
101.0,373320.0,2.882453193373282,291.9008749835842,374912.0,0.6822404371584699,0.6590662323561346,202.0,3.115801747123883
102.0,376980.0,2.869337473557846,293.44396962221646,378624.0,0.6825136612021858,0.6590662323561346,204.0,3.11334642134197
103.0,380640.0,2.8564462995447224,294.98396808399633,382336.0,0.6822404371584699,0.6590662323561346,206.0,3.1108920162824165
104.0,384300.0,2.8437733253564805,296.52088359015164,386048.0,0.6825136612021858,0.6601520086862106,208.0,3.1084385678171507
105.0,387960.0,2.831312438855211,298.0547285694426,389760.0,0.6827868852459016,0.6601520086862106,210.0,3.1059861105918816
106.0,391620.0,2.819057751402482,299.58551472788355,393472.0,0.6827868852459016,0.6612377850162866,212.0,3.1035346780464956
107.0,395280.0,2.807003588037903,301.1132531122277,397184.0,0.6827868852459016,0.6612377850162866,214.0,3.1010843024375543
108.0,398940.0,2.7951444781481873,302.6379541677807,400896.0,0.6825136612021858,0.6612377850162866,216.0,3.0986350148625372
109.0,402600.0,2.7834751466001726,304.15962779105695,404608.0,0.6825136612021858,0.6612377850162866,218.0,3.0961868452854913
110.0,406260.0,2.7719905053127434,305.6782833777466,408320.0,0.6825136612021858,0.6612377850162866,220.0,3.093739822563782
111.0,409920.0,2.7606856452439725,307.1939298664153,412032.0,0.6819672131147541,0.6612377850162866,222.0,3.0912939744757235
112.0,413580.0,2.7495558287711495,308.70657577832213,415744.0,0.6822404371584699,0.6601520086862106,224.0,3.08884932774882
113.0,417240.0,2.738596482442596,310.2162292537045,419456.0,0.6822404371584699,0.6601520086862106,226.0,3.0864059080884596
114.0,420900.0,2.727803190081369,311.7228980848476,423168.0,0.6822404371584699,0.6612377850162866,228.0,3.0839637402068614
115.0,424560.0,2.717171686222062,313.2265897462266,426880.0,0.6822404371584699,0.6612377850162866,230.0,3.081522847852144
116.0,428220.0,2.7066978498629726,314.7273114219831,430592.0,0.6825136612021858,0.6612377850162866,232.0,3.079083253837374
117.0,431880.0,2.696377698516914,316.2250700309748,434304.0,0.6833333333333333,0.6612377850162866,234.0,3.0766449800694855
118.0,435540.0,2.68620738254487,317.7198722496145,438016.0,0.6836065573770492,0.6612377850162866,236.0,3.074208047577974
119.0,439200.0,2.6761831797576052,319.21172453269554,441728.0,0.683879781420765,0.6612377850162866,238.0,3.071772476543285
120.0,442860.0,2.6663014902711573,320.70063313238217,445440.0,0.6841530054644809,0.6612377850162866,240.0,3.069338286324815
121.0,446520.0,2.6565588316029403,322.1866041155294,449152.0,0.6844262295081968,0.6612377850162866,242.0,3.0669054954884816
122.0,450180.0,2.6469518339959355,323.6696433794788,452864.0,0.6849726775956284,0.6634093376764386,244.0,3.064474121833791
123.0,453840.0,2.6374772359591296,325.1497566664671,456576.0,0.6849726775956284,0.6634093376764386,246.0,3.062044182420389
124.0,457500.0,2.628131880013046,326.62694957676837,460288.0,0.6852459016393443,0.6634093376764386,248.0,3.059615693594032
125.0,461160.0,2.618912708629809,328.1012275806839,464000.0,0.6857923497267759,0.6634093376764386,250.0,3.0571886710119736
126.0,464820.0,2.6098167603577944,329.5725960294803,467712.0,0.6857923497267759,0.6634093376764386,252.0,3.054763129667733
127.0,468480.0,2.600841166121452,331.0410601653686,471424.0,0.6857923497267759,0.6634093376764386,254.0,3.0523390839152307
128.0,472140.0,2.5919831456874167,332.5066251306101,475136.0,0.6860655737704918,0.6634093376764386,256.0,3.0499165474922867
129.0,475800.0,2.5832400042885046,333.9692959758241,478848.0,0.6863387978142077,0.6634093376764386,258.0,3.047495533543462
130.0,479460.0,2.574609129397667,335.4290776675693,482560.0,0.6866120218579235,0.6644951140065146,260.0,3.0450760546422515
131.0,483120.0,2.566087987644395,336.88597509526227,486272.0,0.6866120218579235,0.6644951140065146,262.0,3.0426581228126186
132.0,486780.0,2.5576741218664893,338.3399930774909,489984.0,0.6866120218579235,0.6644951140065146,264.0,3.0402417495498804
133.0,490440.0,2.5493651482904784,339.79113636777635,493696.0,0.6868852459016394,0.6655808903365906,266.0,3.037826945840929
134.0,494100.0,2.541158753834359,341.2394096598319,497408.0,0.6868852459016394,0.6655808903365906,268.0,3.035413722183834
135.0,497760.0,2.5330526935266464,342.68481759236266,501120.0,0.6871584699453552,0.6666666666666666,270.0,3.0330020886067866
136.0,501420.0,2.5250447880360625,344.12736475344633,504832.0,0.6871584699453552,0.6666666666666666,272.0,3.0305920546864247
137.0,505080.0,2.517132921306491,345.56705568453214,508544.0,0.6871584699453552,0.6666666666666666,274.0,3.028183629565546
138.0,508740.0,2.5093150382921126,347.0038948840909,512256.0,0.6871584699453552,0.6666666666666666,276.0,3.0257768219702106
139.0,512400.0,2.5015891427879065,348.4378868109471,515968.0,0.6871584699453552,0.6666666666666666,278.0,3.0233716402262516
140.0,516060.0,2.4939532953509542,349.8690358873201,519680.0,0.687431693989071,0.6666666666666666,280.0,3.0209680922752042
141.0,519720.0,2.4864056113082316,351.2973465016012,523392.0,0.687431693989071,0.6666666666666666,282.0,3.018566185689676
142.0,523380.0,2.478944258846796,352.7228230108888,527104.0,0.687431693989071,0.6666666666666666,284.0,3.016165927688154
143.0,527040.0,2.471567457182486,354.14546974330216,530816.0,0.687431693989071,0.6666666666666666,286.0,3.013767325149279
144.0,530700.0,2.464273474803461,355.56529100009465,534528.0,0.687431693989071,0.6666666666666666,288.0,3.011370384625603
145.0,534360.0,2.4570606277850944,356.9822910575827,538240.0,0.687431693989071,0.6666666666666666,290.0,3.008975112356816
146.0,538020.0,2.449927278172911,358.39647416890733,541952.0,0.687431693989071,0.6666666666666666,292.0,3.0065815142825043
147.0,541680.0,2.4428718324304417,359.8078445656425,545664.0,0.687431693989071,0.6666666666666666,294.0,3.0041895960544136
148.0,545340.0,2.435892739949005,361.21640645926306,549376.0,0.6877049180327869,0.6677524429967426,296.0,3.0017993630482467
149.0,549000.0,2.4289884916166096,362.62216404248653,553088.0,0.6877049180327869,0.6677524429967426,298.0,2.9994108203750156
150.0,552660.0,2.4221576184432783,364.02512149049693,556800.0,0.6879781420765028,0.6688382193268186,300.0,2.9970239728919568
151.0,556320.0,2.4153986902402655,365.42528296206325,560512.0,0.6879781420765028,0.6688382193268186,302.0,2.994638825213018
152.0,559980.0,2.4087103143507362,366.8226526005606,564224.0,0.6879781420765028,0.6688382193268186,304.0,2.9922553817189463
153.0,563640.0,2.40209113442962,368.21723453490307,567936.0,0.6885245901639344,0.6688382193268186,306.0,2.9898736465669735
154.0,567300.0,2.3955398292704486,369.6090328803951,571648.0,0.6885245901639344,0.6688382193268186,308.0,2.9874936237001233
155.0,570960.0,2.3890551116771124,370.9980517395098,575360.0,0.6890710382513662,0.6688382193268186,310.0,2.9851153168561506
156.0,574620.0,2.3826357273785552,372.3842952025994,579072.0,0.6890710382513662,0.6688382193268186,312.0,2.982738729576128
157.0,578280.0,2.3762804539845344,373.7677673485444,582784.0,0.6890710382513662,0.6688382193268186,314.0,2.980363865212686
158.0,581940.0,2.3699880999806675,375.14847224534657,586496.0,0.6890710382513662,0.6688382193268186,316.0,2.9779907269379238
159.0,585600.0,2.36375750376106,376.5264139506705,590208.0,0.6893442622950819,0.6688382193268186,318.0,2.975619317751005
160.0,589260.0,2.357587532696903,377.9015965123385,593920.0,0.6896174863387978,0.6688382193268186,320.0,2.9732496404854416
161.0,592920.0,2.351477082239508,379.2740239687832,597632.0,0.6896174863387978,0.6688382193268186,322.0,2.970881697816093
162.0,596580.0,2.3454250750563066,380.6437003494602,601344.0,0.6896174863387978,0.6688382193268186,324.0,2.968515492265863
163.0,600240.0,2.339430460198424,382.01062967522597,605056.0,0.6896174863387978,0.6688382193268186,326.0,2.9661510262121444
164.0,603900.0,2.3334922122985033,383.3748159586831,608768.0,0.6896174863387978,0.6688382193268186,328.0,2.963788301892987
165.0,607560.0,2.32760933079751,384.7362632044952,612480.0,0.6898907103825137,0.6688382193268186,330.0,2.9614273214130105
166.0,611220.0,2.32178083919931,386.0949754096758,616192.0,0.6898907103825137,0.6688382193268186,332.0,2.9590680867490877
167.0,614880.0,2.316005784351878,387.45095656385155,619904.0,0.6898907103825137,0.6688382193268186,334.0,2.9567105997557794
168.0,618540.0,2.3102832357540333,388.80421064950366,623616.0,0.6898907103825137,0.6688382193268186,336.0,2.9543548621705544
169.0,622200.0,2.3046122848866615,390.15474164218796,627328.0,0.6896174863387978,0.6688382193268186,338.0,2.9520008756187845
170.0,625860.0,2.2989920445674255,391.50255351073673,631040.0,0.6898907103825137,0.6688382193268186,340.0,2.9496486416185417
171.0,629520.0,2.293421648328011,392.8476502174431,634752.0,0.6898907103825137,0.6688382193268186,342.0,2.947298161585186
172.0,633180.0,2.2879002498130028,394.1900357182298,638464.0,0.6898907103825137,0.6688382193268186,344.0,2.9449494368357727
173.0,636840.0,2.2824270221995184,395.52971396280356,642176.0,0.6898907103825137,0.6688382193268186,346.0,2.942602468593261
174.0,640500.0,2.277001157636782,396.8666888947966,645888.0,0.6898907103825137,0.6688382193268186,348.0,2.9402572579905653
175.0,644160.0,2.2716218667048365,398.20096445189614,649600.0,0.6901639344262295,0.6688382193268186,350.0,2.937913806074417
176.0,647820.0,2.2662883778916445,399.5325445659627,653312.0,0.6901639344262295,0.6688382193268186,352.0,2.935572113809077
177.0,651480.0,2.2609999370878584,400.8614331631391,657024.0,0.6901639344262295,0.6688382193268186,354.0,2.933232182079888
178.0,655140.0,2.2557558070985637,402.18763416394955,660736.0,0.6904371584699454,0.6699239956568946,356.0,2.930894011696679
179.0,658800.0,2.2505552671713436,403.5111514833914,664448.0,0.6912568306010929,0.6699239956568946,358.0,2.9285576033970173
180.0,662460.0,2.2453976125400277,404.8319890310185,668160.0,0.6912568306010929,0.6699239956568946,360.0,2.926222957849338
181.0,666120.0,2.2402821539835265,406.15015071101806,671872.0,0.6912568306010929,0.6699239956568946,362.0,2.9238900756559283
182.0,669780.0,2.235208217399174,407.4656404222813,675584.0,0.6912568306010929,0.6699239956568946,364.0,2.9215589573557885
183.0,673440.0,2.230175143390025,408.77846205846794,679296.0,0.6918032786885245,0.6710097719869706,366.0,2.9192296034273766
184.0,677100.0,2.2251822868655813,410.08861950806596,683008.0,0.6918032786885245,0.6710097719869706,368.0,2.9169020142912285
185.0,680760.0,2.220229016655438,411.3961166544462,686720.0,0.6923497267759563,0.6710097719869706,370.0,2.914576190312474
186.0,684420.0,2.2153147151353725,412.7009573759124,690432.0,0.6923497267759563,0.6710097719869706,372.0,2.9122521318032373
187.0,688080.0,2.210438777865402,414.00314554574794,694144.0,0.6926229508196722,0.6710097719869706,374.0,2.909929839024944
188.0,691740.0,2.205600613239378,415.30268503225824,697856.0,0.6926229508196722,0.6742671009771987,376.0,2.9076093121905218
189.0,695400.0,2.2007996421456837,416.59957969881015,701568.0,0.692896174863388,0.6753528773072747,378.0,2.905290551466514
190.0,699060.0,2.1960352976386277,417.8938334038684,705280.0,0.692896174863388,0.6753528773072747,380.0,2.902973556975095
191.0,702720.0,2.19130702462015,419.18545000102887,708992.0,0.692896174863388,0.6753528773072747,382.0,2.9006583287960055
192.0,706380.0,2.1866142795314545,420.47443333904965,712704.0,0.6931693989071038,0.6753528773072747,384.0,2.8983448669684053
193.0,710040.0,2.181956530054222,421.7607872618799,716416.0,0.6931693989071038,0.6764386536373507,386.0,2.896033171492637
194.0,713700.0,2.177333254821047,423.04451560868625,720128.0,0.6931693989071038,0.6764386536373507,388.0,2.893723242331925
195.0,717360.0,2.1727439431347784,424.32562221387735,723840.0,0.6931693989071038,0.6764386536373507,390.0,2.891415079413999
196.0,721020.0,2.16818809469644,425.604110907127,727552.0,0.6931693989071038,0.6764386536373507,392.0,2.8891086826326404
197.0,724680.0,2.1636652193414267,426.8799855133952,731264.0,0.6934426229508197,0.6764386536373507,394.0,2.8868040518491727
198.0,728340.0,2.159174836783695,428.153249852948,734976.0,0.6937158469945355,0.6764386536373507,396.0,2.8845011868938757
199.0,732000.0,2.1547164763676485,429.423907741376,738688.0,0.6939890710382514,0.6764386536373507,398.0,2.8822000875673526
200.0,735660.0,2.1502896768274686,430.69196298961145,742400.0,0.6939890710382514,0.6764386536373507,400.0,2.879900753641826
